0 0.77265625 0.08671875 0.1421875 0.1734375
0 0.01640625 0.7375 0.0328125 0.053125
0 0.01640625 0.54296875 0.0328125 0.0265625
0 0.0171875 0.54296875 0.034375 0.0265625
0 0.21328125 0.74375 0.0671875 0.053125
0 0.19765625 0.5421875 0.0671875 0.025
0 0.1921875 0.54296875 0.06875 0.0265625
0 0.5046875 0.54296875 0.05 0.0265625
0 0.50703125 0.5421875 0.0453125 0.025
0 0.51015625 0.73828125 0.0390625 0.0515625
0 0.85625 0.54609375 0.053125 0.0328125
0 0.565625 0.546875 0.053125 0.034375
0 0.86953125 0.61796875 0.0515625 0.0671875
0 0.571875 0.6125 0.053125 0.06875
0 0.5671875 0.93359375 0.053125 0.0671875
0 0.86328125 0.93828125 0.0515625 0.0671875