0 0.01640625 0.22109375 0.0328125 0.0515625
0 0.0171875 0.01328125 0.034375 0.0265625
0 0.01640625 0.01328125 0.0328125 0.0265625
0 0.071875 0.221875 0.06875 0.053125
0 0.0578125 0.0125 0.06875 0.025
0 0.04765625 0.01328125 0.0671875 0.0265625
0 0.359375 0.01328125 0.06875 0.0265625
0 0.3765625 0.0125 0.06875 0.025
0 0.3875 0.20703125 0.06875 0.0515625
0 0.74453125 0.2546875 0.5109375 0.509375
0 0.01171875 0.80859375 0.0234375 0.0578125
0 0.0109375 0.80859375 0.021875 0.0578125
0 0.12578125 0.80625 0.0453125 0.0625
0 0.31953125 0.80625 0.0484375 0.0625
0 0.31953125 0.6796875 0.0421875 0.0625
0 0.1296875 0.67734375 0.046875 0.0578125
0 0.0109375 0.68203125 0.021875 0.0578125
0 0.01015625 0.67421875 0.0203125 0.0515625
0 0.01015625 0.55078125 0.0203125 0.0578125
0 0.0109375 0.55625 0.021875 0.06875
0 0.13671875 0.54765625 0.0515625 0.0640625
0 0.315625 0.53671875 0.040625 0.0546875
0 0.3171875 0.525 0.046875 0.03125
0 0.31953125 0.5234375 0.0421875 0.028125
0 0.13671875 0.5234375 0.0453125 0.028125
0 0.1328125 0.5265625 0.046875 0.034375
0 0.01015625 0.5234375 0.0203125 0.028125
0 0.01015625 0.52265625 0.0203125 0.0265625
0 0.01171875 0.525 0.0234375 0.03125
0 0.0109375 0.5234375 0.021875 0.028125
0 0.903125 0.98828125 0.046875 0.0234375
0 0.546875 0.8453125 0.046875 0.109375
0 0.71875 0.8546875 0.046875 0.090625
0 0.90234375 0.8484375 0.0515625 0.0875
0 0.54296875 0.6734375 0.0484375 0.1
0 0.72734375 0.67734375 0.0515625 0.0984375
0 0.90546875 0.67109375 0.0453125 0.0953125