0 0.3953125 0.04765625 0.146875 0.0953125
0 0.734375 0.2 0.53125 0.4
0 0.33046875 0.77578125 0.0671875 0.0953125
0 0.153125 0.78125 0.053125 0.0875
0 0.0125 0.79375 0.025 0.08125
0 0.0125 0.7828125 0.025 0.078125
0 0.0125 0.640625 0.025 0.078125
0 0.0125 0.490625 0.025 0.078125
0 0.0125 0.628125 0.025 0.078125
0 0.0125 0.48125 0.025 0.078125
0 0.1296875 0.46875 0.05 0.078125
0 0.14140625 0.6171875 0.0515625 0.084375
0 0.32109375 0.609375 0.0609375 0.08125
0 0.30625 0.453125 0.0625 0.08125
0 0.75390625 0.9171875 0.0515625 0.06875
0 0.48203125 0.92734375 0.0265625 0.0671875
0 0.48203125 0.615625 0.0265625 0.06875
0 0.74296875 0.5984375 0.0515625 0.06875