0 0.25546875 0.21484375 0.5078125 0.4296875
0 0.534375 0.1953125 0.05 0.1375
0 0.55234375 0.3609375 0.0859375 0.1375
0 0.86875 0.36875 0.1 0.121875
0 0.8171875 0.2171875 0.1 0.1375
0 0.7625 0.05078125 0.10625 0.1015625
0 0.5359375 0.04375 0.053125 0.0875
0 0.5359375 0.1203125 0.053125 0.153125
0 0.5359375 0.2734375 0.053125 0.153125
0 0.53515625 0.38984375 0.0515625 0.0796875
0 0.90234375 0.44140625 0.0578125 0.0234375
0 0.90234375 0.58828125 0.0578125 0.0453125
0 0.9 0.76484375 0.0625 0.0453125
0 0.9 0.95859375 0.0625 0.0484375
0 0.7734375 0.95859375 0.0625 0.0421875
0 0.77109375 0.76875 0.0578125 0.046875
0 0.77578125 0.5921875 0.0578125 0.04375
0 0.76796875 0.43984375 0.0515625 0.0203125
0 0.64453125 0.43984375 0.0578125 0.0203125
0 0.65 0.5953125 0.06875 0.04375
0 0.64140625 0.77578125 0.0640625 0.0515625
0 0.62890625 0.9546875 0.0578125 0.040625
0 0.525 0.95625 0.03125 0.046875
0 0.5234375 0.95859375 0.028125 0.0421875
0 0.5234375 0.77578125 0.028125 0.0453125
0 0.528125 0.771875 0.0375 0.046875
0 0.528125 0.58984375 0.0375 0.0421875
0 0.52578125 0.43984375 0.0328125 0.0203125
0 0.525 0.44140625 0.03125 0.0234375
0 0.5234375 0.59921875 0.028125 0.0453125