0 0.46796875 0.05 0.0671875 0.053125
0 0.484375 0.3421875 0.05 0.053125
0 0.15390625 0.04375 0.0671875 0.053125
0 0.16953125 0.32890625 0.0671875 0.0515625
0 0.01640625 0.33515625 0.0328125 0.0515625
0 0.0171875 0.04921875 0.034375 0.0515625
0 0.8859375 0.01640625 0.053125 0.0328125
0 0.59375 0.01640625 0.053125 0.0328125
0 0.52265625 0.0171875 0.0265625 0.034375
0 0.8921875 0.14765625 0.053125 0.0671875
0 0.60703125 0.13203125 0.0515625 0.0671875
0 0.52265625 0.1265625 0.0265625 0.06875
0 0.52265625 0.44765625 0.0265625 0.0671875
0 0.60078125 0.45234375 0.0515625 0.0671875
0 0.88671875 0.459375 0.0515625 0.06875
0 0.2546875 0.8046875 0.509375 0.390625