0 0.29921875 0.3 0.1609375 0.096875
0 0.0390625 0.1625 0.078125 0.1
0 0.64140625 0.07109375 0.0453125 0.0328125
0 0.715625 0.071875 0.0625 0.034375
0 0.8015625 0.06796875 0.075 0.0390625
0 0.88671875 0.0625 0.0671875 0.0375
0 0.96953125 0.059375 0.0609375 0.034375
0 0.6453125 0.22421875 0.053125 0.0390625
0 0.7171875 0.22265625 0.075 0.0390625
0 0.8015625 0.2203125 0.075 0.040625
0 0.890625 0.215625 0.071875 0.0375
0 0.96953125 0.21640625 0.0609375 0.0390625
0 0.64453125 0.378125 0.0515625 0.0375
0 0.7203125 0.375 0.06875 0.0375
0 0.8046875 0.3734375 0.06875 0.0375
0 0.8890625 0.37109375 0.06875 0.0359375
0 0.96953125 0.36953125 0.0609375 0.0359375
0 0.6453125 0.52890625 0.053125 0.0359375
0 0.7203125 0.52890625 0.06875 0.0359375
0 0.80234375 0.52734375 0.0671875 0.0359375
0 0.89375 0.52734375 0.06875 0.0359375
0 0.971875 0.52578125 0.05625 0.0359375
0 0.3734375 0.784375 0.2625 0.43125
0 0.79453125 0.9609375 0.3515625 0.078125