0 0.21953125 0.2296875 0.4390625 0.459375
0 0.9546875 0.009375 0.075 0.01875
0 0.86953125 0.009375 0.0671875 0.01875
0 0.7828125 0.00859375 0.065625 0.0171875
0 0.696875 0.009375 0.071875 0.01875
0 0.6078125 0.009375 0.075 0.01875
0 0.5171875 0.01015625 0.071875 0.0203125
0 0.45703125 0.009375 0.0359375 0.01875
0 0.95625 0.034375 0.075 0.040625
0 0.865625 0.0296875 0.071875 0.0375
0 0.78125 0.03046875 0.071875 0.0390625
0 0.69453125 0.028125 0.0703125 0.0375
0 0.6078125 0.02421875 0.06875 0.0390625
0 0.52109375 0.02109375 0.0703125 0.0390625
0 0.45625 0.01953125 0.034375 0.0390625
0 0.9515625 0.1875 0.06875 0.0375
0 0.8671875 0.18515625 0.06875 0.0359375
0 0.7828125 0.18359375 0.06875 0.0359375
0 0.69375 0.18125 0.06875 0.0375
0 0.60625 0.1796875 0.06875 0.0375
0 0.5171875 0.1765625 0.06875 0.0375
0 0.45546875 0.17421875 0.0328125 0.0359375
0 0.95390625 0.34140625 0.0671875 0.0359375
0 0.8625 0.34140625 0.06875 0.0359375
0 0.778125 0.33984375 0.06875 0.0359375
0 0.69375 0.3375 0.06875 0.0375
0 0.60390625 0.3359375 0.0671875 0.0375
0 0.5171875 0.334375 0.075 0.0375
0 0.4578125 0.33359375 0.0375 0.0359375
0 0.21953125 0.7296875 0.4390625 0.540625
0 0.7828125 0.56171875 0.409375 0.2046875