0 0.11484375 0.06015625 0.2296875 0.1203125
0 0.79453125 0.01640625 0.0953125 0.0328125
0 0.7890625 0.01328125 0.0875 0.0265625
0 0.7765625 0.05 0.08125 0.05
0 0.7875 0.2078125 0.078125 0.05
0 0.9296875 0.209375 0.078125 0.05
0 0.9421875 0.053125 0.078125 0.05
0 0.953125 0.0125 0.084375 0.025
0 0.96015625 0.01484375 0.0796875 0.0296875
0 0.225 0.74453125 0.45 0.5109375
0 0.5625 0.45546875 0.046875 0.0328125
0 0.5609375 0.49375 0.04375 0.053125
0 0.559375 0.6703125 0.040625 0.05
0 0.55859375 0.828125 0.0390625 0.05
0 0.6453125 0.8296875 0.078125 0.05
0 0.7953125 0.815625 0.078125 0.05
0 0.6578125 0.6734375 0.078125 0.05
0 0.8046875 0.66875 0.078125 0.05
0 0.8171875 0.5171875 0.078125 0.05
0 0.66875 0.50546875 0.084375 0.0515625
0 0.6765625 0.45390625 0.08125 0.0296875
0 0.8328125 0.4546875 0.08125 0.03125