0 0.43359375 0.175 0.0671875 0.053125
0 0.121875 0.18046875 0.06875 0.0515625
0 0.6875 0.06015625 0.196875 0.1203125
0 0.01640625 0.74765625 0.0328125 0.0515625
0 0.0171875 0.459375 0.034375 0.053125
0 0.01640625 0.32265625 0.0328125 0.0265625
0 0.175 0.7484375 0.06875 0.053125
0 0.1609375 0.45703125 0.06875 0.0515625
0 0.15078125 0.32265625 0.0671875 0.0265625
0 0.4625 0.32265625 0.06875 0.0265625
0 0.4796875 0.44609375 0.06875 0.0515625
0 0.490625 0.73359375 0.06875 0.0515625
0 0.79453125 0.38125 0.4109375 0.14375