0 0.01640625 0.41953125 0.0328125 0.0515625
0 0.0171875 0.13125 0.034375 0.053125
0 0.01640625 0.01328125 0.0328125 0.0265625
0 0.0171875 0.4203125 0.034375 0.053125
0 0.0171875 0.12890625 0.034375 0.0515625
0 0.01640625 0.01328125 0.0328125 0.0265625
0 0.2109375 0.01328125 0.06875 0.0265625
0 0.228125 0.11796875 0.06875 0.0515625
0 0.2390625 0.40546875 0.06875 0.0515625
0 0.9390625 0.45625 0.1 0.1375
0 0.8796875 0.3 0.1 0.1375
0 0.821875 0.15625 0.1 0.1375
0 0.7734375 0.0484375 0.1 0.096875
0 0.53515625 0.134375 0.0921875 0.1375
0 0.5671875 0.2828125 0.1 0.1375
0 0.615625 0.440625 0.1 0.1375
0 0.6671875 0.55546875 0.1 0.0484375
0 0.12578125 0.77421875 0.0671875 0.0953125
0 0.3046875 0.7796875 0.053125 0.0875
0 0.471875 0.7921875 0.034375 0.08125
0 0.47265625 0.6265625 0.0328125 0.078125
0 0.47109375 0.59921875 0.0359375 0.0390625
0 0.3265625 0.59921875 0.05 0.0390625
0 0.31484375 0.61875 0.0515625 0.078125
0 0.13515625 0.6140625 0.0609375 0.06875
0 0.15 0.6 0.0625 0.040625
0 0.80078125 0.8046875 0.1640625 0.259375