0 0.06171875 0.20546875 0.1234375 0.4109375
0 0.54921875 0.47890625 0.0390625 0.1203125
0 0.54921875 0.49609375 0.0390625 0.0859375
0 0.7625 0.5125 0.09375 0.053125
0 0.54921875 0.2234375 0.0390625 0.14375
0 0.55 0.25625 0.040625 0.153125
0 0.5515625 0.2734375 0.04375 0.15625
0 0.778125 0.28359375 0.09375 0.1671875
0 0.54609375 0.04296875 0.0328125 0.0859375
0 0.5515625 0.0453125 0.04375 0.090625
0 0.55625 0.04609375 0.053125 0.0921875
0 0.79921875 0.05 0.1046875 0.1
0 0.44765625 0.76171875 0.1359375 0.2359375
0 0.6859375 0.7875 0.1 0.15625
0 0.55625 0.8359375 0.053125 0.15625