0 0.0171875 0.20859375 0.034375 0.0953125
0 0.1796875 0.2140625 0.053125 0.0875
0 0.3546875 0.2265625 0.05 0.08125
0 0.3578125 0.0625 0.05 0.078125
0 0.353125 0.01953125 0.05 0.0390625
0 0.2015625 0.01953125 0.05 0.0390625
0 0.18984375 0.05 0.0515625 0.084375
0 0.0203125 0.0421875 0.040625 0.08125
0 0.028125 0.0203125 0.05625 0.040625
0 0.8953125 0.4 0.146875 0.13125
0 0.7515625 0.4984375 0.146875 0.128125
0 0.97109375 0.603125 0.0578125 0.071875
0 0.6171875 0.58125 0.1125 0.10625
0 0.54296875 0.43671875 0.0890625 0.0921875
0 0.65625 0.3515625 0.0875 0.09375
0 0.78828125 0.25546875 0.1140625 0.1140625
0 0.9328125 0.1421875 0.13125 0.128125
0 0.82421875 0.03359375 0.1171875 0.0671875
0 0.69296875 0.11875 0.1171875 0.121875
0 0.61328125 0.03046875 0.1171875 0.0609375
0 0.73515625 0.0296875 0.1171875 0.059375
0 0.5171875 0.09609375 0.053125 0.1171875
0 0.2890625 0.81953125 0.4 0.3609375
0 0.6234375 0.94609375 0.040625 0.0578125
0 0.8015625 0.9515625 0.04375 0.06875
0 0.978125 0.94296875 0.04375 0.0640625
0 0.9796875 0.6828125 0.040625 0.05625
0 0.97734375 0.8140625 0.0453125 0.06875
0 0.79609375 0.81953125 0.0421875 0.0578125
0 0.6234375 0.8171875 0.040625 0.053125
0 0.625 0.68515625 0.046875 0.0640625
0 0.80546875 0.69296875 0.0453125 0.0578125