0 0.2046875 0.31953125 0.409375 0.6390625
0 0.7765625 0.01640625 0.053125 0.0328125
0 0.484375 0.01640625 0.053125 0.0328125
0 0.42265625 0.0171875 0.0265625 0.034375
0 0.7828125 0.26328125 0.053125 0.0671875
0 0.49765625 0.24765625 0.0515625 0.0671875
0 0.42265625 0.2421875 0.0265625 0.06875
0 0.42265625 0.56328125 0.0265625 0.0671875
0 0.49140625 0.56796875 0.0515625 0.0671875
0 0.77734375 0.575 0.0515625 0.06875
0 0.2046875 0.81953125 0.409375 0.3609375
0 0.50859375 0.65546875 0.0515625 0.0328125
0 0.796875 0.65625 0.053125 0.034375
0 0.5078125 0.659375 0.053125 0.040625
0 0.79921875 0.65625 0.0515625 0.034375
0 0.81015625 0.95 0.0515625 0.06875
0 0.52265625 0.9609375 0.0515625 0.06875