0 0.3859375 0.01953125 0.215625 0.0390625
0 0.04765625 0.01953125 0.0953125 0.0390625
0 0.11328125 0.1125 0.2265625 0.071875
0 0.45390625 0.11796875 0.1296875 0.0765625
0 0.2296875 0.35625 0.203125 0.071875
0 0.31796875 0.55703125 0.2078125 0.0234375
0 0.04296875 0.55078125 0.0859375 0.0359375
0 0.759375 0.284375 0.48125 0.56875
0 0.259375 0.784375 0.51875 0.43125
0 0.9578125 0.9359375 0.084375 0.128125
0 0.9875 0.7859375 0.025 0.1375
0 0.5765625 0.97578125 0.10625 0.0484375
0 0.64609375 0.8765625 0.1046875 0.153125
0 0.7078125 0.7390625 0.090625 0.125
0 0.765625 0.621875 0.090625 0.10625
0 0.82734375 0.6 0.0921875 0.0625
0 0.596875 0.59921875 0.09375 0.0609375
0 0.54921875 0.64375 0.0609375 0.125
0 0.54140625 0.7765625 0.0453125 0.125