0 0.2859375 0.61015625 0.571875 0.1171875
0 0.98984375 0.4984375 0.0203125 0.065625
0 0.83671875 0.49609375 0.0453125 0.0609375
0 0.6859375 0.490625 0.034375 0.0625
0 0.678125 0.471875 0.01875 0.053125
0 0.6796875 0.290625 0.021875 0.05625
0 0.6828125 0.29609375 0.028125 0.0609375
0 0.83984375 0.30234375 0.0453125 0.0640625
0 0.99140625 0.30390625 0.0171875 0.0609375
0 0.98828125 0.11015625 0.0234375 0.0640625
0 0.83359375 0.1140625 0.0390625 0.05625
0 0.6796875 0.1125 0.021875 0.059375
0 0.67890625 0.10390625 0.0203125 0.0609375
0 0.678125 0.01328125 0.01875 0.0265625
0 0.678125 0.01484375 0.01875 0.0296875
0 0.82890625 0.01484375 0.0421875 0.0296875
0 0.98359375 0.0140625 0.0328125 0.028125
0 0.196875 0.73046875 0.171875 0.1234375
0 0.834375 0.834375 0.33125 0.33125