1 0.85390625 0.6390625 0.1671875 0.184375
1 0.91328125 0.503125 0.1421875 0.14375
1 0.94765625 0.39140625 0.1015625 0.1421875
1 0.77890625 0.8 0.1515625 0.1875
1 0.7046875 0.9390625 0.140625 0.121875
1 0.26796875 0.9390625 0.1390625 0.121875
1 0.35859375 0.80234375 0.1359375 0.1734375
1 0.44140625 0.6578125 0.1359375 0.171875
1 0.51640625 0.50859375 0.1359375 0.1734375
1 0.58671875 0.37109375 0.1359375 0.1734375
1 0.64921875 0.2578125 0.1078125 0.1
1 0.70234375 0.1921875 0.1078125 0.1
1 0.75546875 0.1078125 0.1078125 0.1
1 0.803125 0.0375 0.1 0.071875
1 0.515625 0.0375 0.1 0.071875
1 0.4578125 0.096875 0.1 0.075
1 0.390625 0.1546875 0.1 0.071875
1 0.321875 0.25 0.10625 0.13125
1 0.25859375 0.3765625 0.1078125 0.13125
1 0.1796875 0.5015625 0.10625 0.13125
1 0.09140625 0.63125 0.1265625 0.1625