1 0.934375 0.86796875 0.06875 0.0328125
1 0.8484375 0.8671875 0.0625 0.034375
1 0.7640625 0.87109375 0.075 0.0390625
1 0.67734375 0.8765625 0.0671875 0.0375
1 0.5921875 0.8796875 0.065625 0.034375
1 0.5046875 0.88359375 0.071875 0.0390625
1 0.415625 0.8859375 0.075 0.0375
1 0.325 0.8890625 0.071875 0.040625
1 0.240625 0.8921875 0.071875 0.0375
1 0.9296875 0.71484375 0.075 0.0390625
1 0.8484375 0.71640625 0.075 0.0390625
1 0.7640625 0.71875 0.075 0.040625
1 0.6734375 0.7234375 0.071875 0.0375
1 0.5890625 0.72265625 0.071875 0.0390625
1 0.50234375 0.725 0.0703125 0.0375
1 0.415625 0.72890625 0.06875 0.0390625
1 0.32890625 0.73203125 0.0703125 0.0390625
1 0.23671875 0.73359375 0.0703125 0.0390625
1 0.93046875 0.5609375 0.0734375 0.0375
1 0.84375 0.5640625 0.06875 0.0375
1 0.759375 0.565625 0.06875 0.0375
1 0.675 0.56796875 0.06875 0.0359375
1 0.590625 0.56953125 0.06875 0.0359375
1 0.5015625 0.571875 0.06875 0.0375
1 0.4140625 0.5734375 0.06875 0.0375
1 0.325 0.5765625 0.06875 0.0375
1 0.23359375 0.57890625 0.0671875 0.0359375
1 0.92578125 0.41015625 0.0671875 0.0359375
1 0.84375 0.41015625 0.06875 0.0359375
1 0.76171875 0.41171875 0.0671875 0.0359375
1 0.6703125 0.41171875 0.06875 0.0359375
1 0.5859375 0.41328125 0.06875 0.0359375
1 0.5015625 0.415625 0.06875 0.0375
1 0.41171875 0.4171875 0.0671875 0.0375
1 0.325 0.41875 0.075 0.0375
1 0.234375 0.41953125 0.075 0.0359375
1 0.23203125 0.26171875 0.0703125 0.0390625
1 0.321875 0.26015625 0.06875 0.0390625
1 0.4109375 0.259375 0.071875 0.040625
1 0.49609375 0.259375 0.0734375 0.040625
1 0.5859375 0.259375 0.071875 0.040625
1 0.6703125 0.2578125 0.071875 0.040625
1 0.7546875 0.2578125 0.071875 0.040625
1 0.84140625 0.25625 0.0734375 0.040625
1 0.92578125 0.25390625 0.0734375 0.0390625
1 0.92109375 0.0765625 0.0734375 0.040625
1 0.8390625 0.078125 0.071875 0.040625
1 0.7546875 0.0765625 0.071875 0.040625
1 0.665625 0.0796875 0.071875 0.040625
1 0.58125 0.078125 0.071875 0.040625
1 0.49375 0.078125 0.071875 0.040625
1 0.4046875 0.078125 0.071875 0.040625
1 0.315625 0.078125 0.071875 0.040625
1 0.23359375 0.0796875 0.0734375 0.040625