0 0.18203125 0.01328125 0.0703125 0.0265625
0 0.18125 0.22734375 0.09375 0.0640625
0 0.2703125 0.04453125 0.04375 0.0359375
0 0.84296875 0.4796875 0.0515625 0.06875
0 0.60703125 0.475 0.0515625 0.06875
0 0.421875 0.46875 0.025 0.06875
0 0.421875 0.2015625 0.025 0.06875
0 0.60703125 0.2046875 0.0515625 0.06875
0 0.84453125 0.2109375 0.0515625 0.06875
0 0.84296875 0.0171875 0.0515625 0.034375
0 0.60703125 0.0171875 0.0515625 0.034375
0 0.421875 0.0171875 0.025 0.034375
0 0.2046875 0.8046875 0.409375 0.390625
0 0.7390625 0.896875 0.521875 0.20625