0 0.509375 0.2671875 0.078125 0.05
0 0.365625 0.2671875 0.078125 0.05
0 0.2171875 0.2796875 0.078125 0.05
0 0.353125 0.403125 0.078125 0.0125
0 0.9296875 0.3625 0.078125 0.05
0 0.78125 0.3578125 0.078125 0.05
0 0.76875 0.20625 0.078125 0.05
0 0.9171875 0.19453125 0.084375 0.0515625
0 0.909375 0.02265625 0.08125 0.0453125
0 0.753125 0.03046875 0.08125 0.0609375
0 0.284375 0.7046875 0.56875 0.590625
0 0.7578125 0.93671875 0.053125 0.0671875
0 0.60234375 0.96171875 0.0265625 0.0671875
0 0.60234375 0.9625 0.0265625 0.06875
0 0.7640625 0.62265625 0.053125 0.0671875
0 0.6015625 0.63828125 0.025 0.0671875
0 0.60234375 0.64375 0.0265625 0.06875
0 0.60234375 0.42578125 0.0265625 0.0328125
0 0.6015625 0.42578125 0.025 0.0328125
0 0.75859375 0.4265625 0.0515625 0.034375