0 0.29453125 0.2296875 0.5890625 0.459375
0 0.64375 0.2296875 0.109375 0.459375
0 0.64609375 0.2296875 0.1140625 0.459375
0 0.678125 0.2296875 0.178125 0.459375
0 0.896875 0.2296875 0.20625 0.459375
0 0.4265625 0.51796875 0.071875 0.1171875
0 0.42109375 0.834375 0.0765625 0.225
0 0.1828125 0.5625 0.071875 0.203125
0 0.1703125 0.909375 0.065625 0.18125
0 0.01015625 0.95546875 0.0203125 0.0890625
0 0.01484375 0.65078125 0.0296875 0.2078125
0 0.01484375 0.50234375 0.0296875 0.0859375
0 0.79453125 0.7296875 0.4109375 0.540625