0 0.92265625 0.50625 0.1046875 0.159375
0 0.6078125 0.5140625 0.078125 0.090625
0 0.98203125 0.1625 0.0359375 0.134375
0 0.82421875 0.02421875 0.0640625 0.0484375
0 0.84375 0.0296875 0.075 0.059375
0 0.56484375 0.0234375 0.0671875 0.046875
0 0.77578125 0.11484375 0.1828125 0.1640625
0 0.54765625 0.109375 0.0859375 0.134375
0 0.23984375 0.809375 0.4796875 0.38125
0 0.6171875 0.6390625 0.140625 0.040625
0 0.8375 0.71953125 0.11875 0.0765625
0 0.834375 0.98671875 0.1125 0.0265625
0 0.97109375 0.73671875 0.0578125 0.0703125
0 0.9734375 0.63125 0.053125 0.025