0 0.6296875 0.371875 0.178125 0.14375
0 0.703125 0.61328125 0.18125 0.1421875
0 0.81640625 0.471875 0.1796875 0.14375
0 0.76796875 0.85859375 0.1796875 0.1421875
0 0.8703125 0.70859375 0.178125 0.1421875
0 0.58359375 0.7671875 0.1921875 0.165625
0 0.3796875 0.66171875 0.2125 0.1609375
0 0.515625 0.51171875 0.2125 0.1609375
0 0.43125 0.26171875 0.2125 0.1609375
0 0.30703125 0.4046875 0.2140625 0.159375
0 0.1734375 0.55703125 0.2125 0.1609375
0 0.10703125 0.29296875 0.2140625 0.1609375
0 0.253125 0.1453125 0.2125 0.159375