0 0.384375 0.01015625 0.059375 0.0203125
0 0.38203125 0.0859375 0.0640625 0.046875
0 0.3859375 0.25234375 0.05625 0.0390625
0 0.384375 0.41640625 0.059375 0.0421875
0 0.2 0.41796875 0.059375 0.0390625
0 0.19609375 0.25703125 0.0609375 0.0421875
0 0.19375 0.096875 0.05625 0.04375
0 0.1921875 0.01015625 0.059375 0.0203125
0 0.79765625 0.45546875 0.4046875 0.1890625
0 0.0984375 0.90234375 0.196875 0.1953125
0 0.6921875 0.5640625 0.0875 0.028125
0 0.584375 0.5640625 0.08125 0.028125
0 0.55703125 0.56484375 0.0359375 0.0296875
0 0.63359375 0.65 0.0921875 0.05625
0 0.55859375 0.64453125 0.0390625 0.0546875
0 0.559375 0.63828125 0.040625 0.0515625