0 0.01640625 0.353125 0.0328125 0.053125
0 0.01640625 0.0609375 0.0328125 0.053125
0 0.0171875 0.01328125 0.034375 0.0265625
0 0.19296875 0.359375 0.0671875 0.053125
0 0.17734375 0.07421875 0.0671875 0.0515625
0 0.171875 0.01328125 0.06875 0.0265625
0 0.4796875 0.01328125 0.040625 0.0265625
0 0.48203125 0.06796875 0.0359375 0.0515625
0 0.48515625 0.35390625 0.0296875 0.0515625
0 0.75 0.31484375 0.5 0.6296875
0 0.38125 0.84765625 0.2375 0.2671875
0 0.84375 0.93515625 0.1 0.1296875
0 0.903125 0.7953125 0.1 0.1375
0 0.9484375 0.6828125 0.1 0.10625
0 0.5359375 0.8921875 0.071875 0.125
0 0.584375 0.765625 0.090625 0.125
0 0.64609375 0.66875 0.0921875 0.078125
0 0.5234375 0.6828125 0.046875 0.10625
0 0.52265625 0.796875 0.0453125 0.125
0 0.52265625 0.9296875 0.0453125 0.125