0 0.55703125 0.20078125 0.0671875 0.0515625
0 0.2453125 0.2 0.06875 0.053125
0 0.0171875 0.21484375 0.034375 0.0515625
0 0.709375 0.25078125 0.159375 0.0859375
0 0.0203125 0.4828125 0.040625 0.028125
0 0.0203125 0.66796875 0.040625 0.0578125
0 0.02109375 0.91484375 0.0421875 0.0578125
0 0.1234375 0.91875 0.0875 0.059375
0 0.1234375 0.6703125 0.0875 0.0625
0 0.11328125 0.4828125 0.0765625 0.028125
0 0.3734375 0.4828125 0.08125 0.028125
0 0.40234375 0.671875 0.0765625 0.059375
0 0.38671875 0.91875 0.0765625 0.059375
0 0.66484375 0.96171875 0.0921875 0.0765625
0 0.665625 0.928125 0.09375 0.14375
0 0.64921875 0.8578125 0.0609375 0.140625
0 0.64921875 0.503125 0.0609375 0.06875
0 0.66171875 0.52421875 0.0859375 0.1109375
0 0.66171875 0.59453125 0.0859375 0.1359375
0 0.66171875 0.66953125 0.0859375 0.1359375
0 0.75078125 0.73984375 0.1734375 0.1359375
0 0.865625 0.80234375 0.1 0.1078125
0 0.9296875 0.85546875 0.1 0.1078125
0 0.98203125 0.90859375 0.0359375 0.1078125
0 0.965625 0.5421875 0.06875 0.1
0 0.871875 0.4984375 0.13125 0.059375
0 0.7453125 0.4953125 0.13125 0.053125
0 0.65234375 0.4953125 0.0671875 0.053125
0 0.659375 0.5 0.08125 0.0625