0 0.37890625 0.19453125 0.1109375 0.1734375
0 0.01328125 0.028125 0.0265625 0.05625
0 0.73984375 0.2546875 0.5203125 0.509375
0 0.23984375 0.7546875 0.4796875 0.490625
0 0.81640625 0.9609375 0.0578125 0.078125
0 0.58515625 0.9609375 0.0578125 0.078125
0 0.49375 0.9578125 0.028125 0.084375
0 0.49453125 0.6875 0.0296875 0.0875
0 0.5828125 0.6875 0.0625 0.0875
0 0.8203125 0.69765625 0.05625 0.0765625
0 0.81640625 0.5296875 0.0578125 0.040625
0 0.58125 0.528125 0.059375 0.0375
0 0.49453125 0.528125 0.0296875 0.0375