0 0.0421875 0.03515625 0.08125 0.0703125
0 0.1046875 0.31640625 0.209375 0.1671875
0 0.5546875 0.1171875 0.06875 0.11875
0 0.56484375 0.275 0.0484375 0.10625
0 0.3296875 0.2875 0.05 0.11875
0 0.79453125 0.06015625 0.4109375 0.1203125
0 0.75390625 0.32421875 0.3296875 0.1234375
0 0.2125 0.66796875 0.425 0.5328125
0 0.90390625 0.41796875 0.0578125 0.0359375
0 0.79375 0.4109375 0.0375 0.021875
0 0.7015625 0.4140625 0.046875 0.028125
0 0.6046875 0.41328125 0.03125 0.0265625
0 0.596875 0.41171875 0.015625 0.0234375
0 0.99140625 0.42734375 0.0171875 0.0546875
0 0.90390625 0.42734375 0.0578125 0.0546875
0 0.6859375 0.43984375 0.03125 0.0515625
0 0.6015625 0.46328125 0.025 0.0578125
0 0.59921875 0.48125 0.0203125 0.0625
0 0.99375 0.596875 0.0125 0.05625
0 0.90625 0.59921875 0.046875 0.0609375
0 0.79765625 0.59921875 0.0390625 0.0515625
0 0.7015625 0.603125 0.053125 0.0875
0 0.60625 0.6359375 0.034375 0.0625
0 0.6 0.65078125 0.021875 0.0609375
0 0.98984375 0.76953125 0.0203125 0.0515625
0 0.8984375 0.78515625 0.0375 0.0515625
0 0.8015625 0.7796875 0.0375 0.05
0 0.6953125 0.771875 0.04375 0.05625
0 0.6046875 0.80078125 0.03125 0.0515625
0 0.59921875 0.79765625 0.0203125 0.0578125
0 0.9203125 0.95234375 0.034375 0.0453125
0 0.621875 0.97734375 0.040625 0.0453125
0 0.7265625 0.9578125 0.05 0.06875
0 0.8015625 0.4375 0.03125 0.046875
0 0.83046875 0.95 0.0578125 0.071875