0 0.05625 0.08515625 0.1125 0.1703125
0 0.58828125 0.08515625 0.1171875 0.1703125
0 0.1640625 0.61171875 0.328125 0.2359375
0 0.75625 0.7015625 0.14375 0.178125
0 0.56484375 0.775 0.0703125 0.18125
0 0.65625 0.88828125 0.14375 0.1796875
0 0.56484375 0.83984375 0.0703125 0.1796875
0 0.56484375 0.9265625 0.0703125 0.146875
0 0.57109375 0.65546875 0.0828125 0.1921875
0 0.56953125 0.4515625 0.0796875 0.2125
0 0.61640625 0.5875 0.1609375 0.2125
0 0.86640625 0.503125 0.1609375 0.2125
0 0.7234375 0.4078125 0.159375 0.15625
0 0.590625 0.3828125 0.121875 0.10625
0 0.83515625 0.3828125 0.1609375 0.10625
0 0.9515625 0.3828125 0.096875 0.10625