0 0.17890625 0.1296875 0.3578125 0.259375
0 0.60390625 0.03125 0.3484375 0.0625
0 0.3890625 0.27109375 0.065625 0.0234375
0 0.303125 0.2703125 0.071875 0.021875
0 0.2140625 0.26875 0.075 0.01875
0 0.1234375 0.26953125 0.071875 0.0203125
0 0.0390625 0.26875 0.071875 0.01875
0 0.3875 0.42265625 0.071875 0.0390625
0 0.30078125 0.4203125 0.0703125 0.0375
0 0.2140625 0.41640625 0.06875 0.0390625
0 0.12734375 0.41328125 0.0703125 0.0390625
0 0.03515625 0.41171875 0.0703125 0.0390625
0 0.3890625 0.57578125 0.06875 0.0359375
0 0.3 0.5734375 0.06875 0.0375
0 0.2125 0.571875 0.06875 0.0375
0 0.1234375 0.56875 0.06875 0.0375
0 0.0328125 0.56640625 0.065625 0.0359375
0 0.384375 0.73203125 0.06875 0.0359375
0 0.3 0.7296875 0.06875 0.0375
0 0.21015625 0.728125 0.0671875 0.0375
0 0.1234375 0.7265625 0.075 0.0375
0 0.03515625 0.72578125 0.0703125 0.0359375
0 0.0328125 0.88359375 0.065625 0.0390625
0 0.1203125 0.88515625 0.06875 0.0390625
0 0.209375 0.8859375 0.071875 0.040625
0 0.29453125 0.8859375 0.0734375 0.040625
0 0.384375 0.8859375 0.071875 0.040625
0 0.92109375 0.8328125 0.0578125 0.071875
0 0.8109375 0.82421875 0.0375 0.0453125
0 0.71875 0.81953125 0.046875 0.0578125
0 0.61796875 0.80625 0.0390625 0.053125
0 0.521875 0.778125 0.03125 0.046875
0 0.92109375 0.659375 0.0578125 0.065625
0 0.703125 0.64140625 0.03125 0.0515625
0 0.6046875 0.61796875 0.05 0.0578125
0 0.4921875 0.6 0.040625 0.0625
0 0.9234375 0.48203125 0.046875 0.0609375
0 0.81484375 0.48203125 0.0390625 0.0515625
0 0.71875 0.4796875 0.053125 0.0875
0 0.61796875 0.4453125 0.0453125 0.0625
0 0.51796875 0.43046875 0.0453125 0.0609375
0 0.915625 0.29609375 0.0375 0.0515625
0 0.81875 0.3015625 0.0375 0.05
0 0.7125 0.309375 0.04375 0.05625
0 0.61796875 0.2828125 0.0390625 0.046875
0 0.51953125 0.2859375 0.0421875 0.053125
0 0.9359375 0.2703125 0.034375 0.021875
0 0.63828125 0.27109375 0.0421875 0.0234375
0 0.74375 0.2765625 0.05 0.034375
0 0.81875 0.64375 0.03125 0.046875
0 0.84765625 0.27734375 0.0578125 0.0359375