0 0.1546875 0.209375 0.309375 0.41875
0 0.5875 0.1859375 0.14375 0.178125
0 0.82890625 0.1125 0.1421875 0.18125
0 0.6875 0.04453125 0.14375 0.0890625
0 0.92421875 0.04453125 0.1421875 0.0890625
0 0.95 0.23203125 0.1 0.1921875
0 0.87734375 0.37421875 0.1609375 0.0890625
0 0.72734375 0.3 0.1609375 0.2125
0 0.47734375 0.3484375 0.1609375 0.140625
0 0.25625 0.43828125 0.10625 0.0390625
0 0.046875 0.43828125 0.09375 0.0390625
0 0.07578125 0.55 0.1515625 0.071875
0 0.1546875 0.79375 0.203125 0.071875
0 0.22421875 0.99140625 0.1703125 0.0171875
0 0.04296875 0.98515625 0.0859375 0.0296875
0 0.6546875 0.5609375 0.690625 0.284375