0 0.2203125 0.371875 0.440625 0.23125
0 0.83984375 0.309375 0.3203125 0.61875
0 0.075 0.62890625 0.059375 0.0203125
0 0.06875 0.63046875 0.065625 0.0234375
0 0.07109375 0.72890625 0.0609375 0.0453125
0 0.0765625 0.8875 0.0625 0.05
0 0.27109375 0.890625 0.0609375 0.04375
0 0.26484375 0.72578125 0.0640625 0.0453125
0 0.26328125 0.63125 0.0609375 0.025
0 0.2671875 0.63046875 0.059375 0.0234375
0 0.4546875 0.62890625 0.059375 0.0203125
0 0.45703125 0.63046875 0.0640625 0.0234375
0 0.453125 0.73203125 0.05625 0.0390625
0 0.4546875 0.89609375 0.059375 0.0421875
0 0.6390625 0.89765625 0.059375 0.0390625
0 0.64296875 0.73671875 0.0609375 0.0421875
0 0.6453125 0.6296875 0.05625 0.021875
0 0.646875 0.62890625 0.059375 0.0203125