0 0.50234375 0.36484375 0.0671875 0.0953125
0 0.325 0.3703125 0.053125 0.0875
0 0.1484375 0.3828125 0.05 0.08125
0 0.0125 0.371875 0.025 0.078125
0 0.0125 0.2296875 0.025 0.078125
0 0.0140625 0.0796875 0.028125 0.078125
0 0.146875 0.21875 0.05 0.078125
0 0.15 0.0703125 0.05 0.078125
0 0.3015625 0.0578125 0.05 0.078125
0 0.31328125 0.20625 0.0515625 0.084375
0 0.49296875 0.1984375 0.0609375 0.08125
0 0.478125 0.0421875 0.0625 0.08125
0 0.56640625 0.2640625 0.0328125 0.053125
0 0.56640625 0.01328125 0.0328125 0.0265625
0 0.5671875 0.01328125 0.034375 0.0265625
0 0.79453125 0.2703125 0.0671875 0.053125
0 0.77890625 0.0125 0.0671875 0.025
0 0.7734375 0.01328125 0.06875 0.0265625
0 0.184375 0.54375 0.1 0.06875
0 0.1265625 0.6515625 0.1 0.1375
0 0.0671875 0.80625 0.1 0.1375
0 0.02890625 0.940625 0.0578125 0.11875
0 0.025 0.95078125 0.05 0.0984375
0 0.025 0.8234375 0.05 0.1375
0 0.025 0.665625 0.05 0.1375
0 0.025 0.54375 0.05 0.06875
0 0.0265625 0.54765625 0.053125 0.0765625
0 0.25625 0.54765625 0.10625 0.0765625
0 0.50625 0.57421875 0.0875 0.1296875
0 0.44609375 0.7171875 0.1046875 0.153125
0 0.384375 0.853125 0.090625 0.125
0 0.3265625 0.95859375 0.090625 0.0828125
0 0.53125 0.94296875 0.0375 0.1140625
0 0.56640625 0.66484375 0.0328125 0.0515625
0 0.5671875 0.52265625 0.034375 0.0265625
0 0.56640625 0.52265625 0.0328125 0.0265625
0 0.5671875 0.665625 0.034375 0.053125
0 0.5671875 0.521875 0.034375 0.025
0 0.56640625 0.52265625 0.0328125 0.0265625
0 0.8375 0.52265625 0.06875 0.0265625
0 0.8546875 0.521875 0.06875 0.025
0 0.865625 0.65078125 0.06875 0.0515625