0 0.121875 0.25234375 0.24375 0.5046875
0 0.65078125 0.01640625 0.0515625 0.0328125
0 0.50234375 0.0171875 0.0265625 0.034375
0 0.50234375 0.01640625 0.0265625 0.0328125
0 0.6515625 0.10625 0.053125 0.06875
0 0.5015625 0.0921875 0.025 0.06875
0 0.50234375 0.08203125 0.0265625 0.0671875
0 0.50234375 0.39375 0.0265625 0.06875
0 0.5015625 0.4109375 0.025 0.06875
0 0.63671875 0.421875 0.0515625 0.06875
0 0.45859375 0.81953125 0.0453125 0.0578125
0 0.28203125 0.8171875 0.0453125 0.0625
0 0.08828125 0.8171875 0.0484375 0.0625
0 0.08828125 0.690625 0.0421875 0.0625
0 0.278125 0.68828125 0.046875 0.0578125
0 0.4546875 0.69296875 0.04375 0.0578125
0 0.4515625 0.596875 0.04375 0.034375
0 0.27109375 0.5953125 0.0515625 0.03125
0 0.0921875 0.59375 0.040625 0.028125
0 0.090625 0.5953125 0.046875 0.03125
0 0.08828125 0.59375 0.0421875 0.028125
0 0.27109375 0.59375 0.0453125 0.028125
0 0.275 0.596875 0.046875 0.034375
0 0.45703125 0.59375 0.0421875 0.028125
0 0.44765625 0.59375 0.0453125 0.028125