0 0.28984375 0.284375 0.5796875 0.56875
0 0.5984375 0.046875 0.0375 0.040625
0 0.5984375 0.215625 0.0375 0.046875
0 0.603125 0.3921875 0.046875 0.046875
0 0.60234375 0.04375 0.0453125 0.046875
0 0.6 0.2171875 0.040625 0.04375
0 0.6 0.3921875 0.040625 0.046875
0 0.725 0.04375 0.08125 0.05
0 0.71640625 0.22421875 0.0984375 0.0484375
0 0.73125 0.403125 0.096875 0.046875
0 0.9109375 0.0453125 0.109375 0.046875
0 0.9015625 0.2171875 0.090625 0.046875
0 0.909375 0.40078125 0.0875 0.0515625
0 0.93359375 0.5640625 0.0984375 0.009375
0 0.02890625 0.7328125 0.0578125 0.1
0 0.77109375 0.84140625 0.0671875 0.0515625
0 0.7765625 0.58203125 0.06875 0.0265625
0 0.59609375 0.58203125 0.0328125 0.0265625
0 0.59609375 0.83515625 0.0328125 0.0515625