0 0.53515625 0.1703125 0.0328125 0.053125
0 0.53515625 0.01328125 0.0328125 0.0265625
0 0.5359375 0.01328125 0.034375 0.0265625
0 0.71484375 0.1765625 0.0671875 0.053125
0 0.69921875 0.0125 0.0671875 0.025
0 0.69375 0.01328125 0.06875 0.0265625
0 0.1578125 0.7640625 0.065625 0.0625
0 0.9765625 0.64453125 0.046875 0.0515625
0 0.98515625 0.46328125 0.0296875 0.0265625
0 0.675 0.6453125 0.06875 0.053125
0 0.6890625 0.4625 0.06875 0.025
0 0.69921875 0.46328125 0.0671875 0.0265625
0 0.5359375 0.46328125 0.034375 0.0265625
0 0.5359375 0.4625 0.034375 0.025
0 0.5359375 0.63046875 0.034375 0.0515625