0 0.08671875 0.04609375 0.1734375 0.0921875
0 0.84765625 0.0171875 0.0671875 0.034375
0 0.87265625 0.3 0.0671875 0.053125
0 0.53359375 0.0140625 0.0671875 0.028125
0 0.54921875 0.28671875 0.0671875 0.0515625
0 0.28515625 0.29296875 0.0328125 0.0515625
0 0.2859375 0.01640625 0.034375 0.0328125
0 0.184375 0.85625 0.1 0.1375
0 0.23046875 0.6890625 0.0765625 0.1375
0 0.1125 0.98125 0.10625 0.0375
0 0.0265625 0.92734375 0.053125 0.1453125
0 0.0265625 0.7765625 0.053125 0.153125
0 0.02578125 0.6234375 0.0515625 0.153125
0 0.02265625 0.49453125 0.0453125 0.1109375
0 0.04375 0.4703125 0.0875 0.0625
0 0.10390625 0.4703125 0.0921875 0.0625
0 0.0234375 0.46953125 0.046875 0.0609375
0 0.02265625 0.4703125 0.0453125 0.0625
0 0.02265625 0.525 0.0453125 0.125
0 0.76953125 0.9515625 0.0671875 0.053125
0 0.78515625 0.66640625 0.0671875 0.0515625
0 0.790625 0.45234375 0.06875 0.0265625
0 0.46953125 0.45234375 0.0671875 0.0265625
0 0.46484375 0.66015625 0.0671875 0.0515625
0 0.4578125 0.94609375 0.06875 0.0515625