0 0.02265625 0.03359375 0.0453125 0.0671875
0 0.68984375 0.2046875 0.6203125 0.409375
0 0.10546875 0.428125 0.0734375 0.0375
0 0.284375 0.434375 0.1 0.05
0 0.2828125 0.434375 0.09375 0.05
0 0.1046875 0.428125 0.071875 0.0375
0 0.0140625 0.43046875 0.028125 0.0421875
0 0.01328125 0.4234375 0.0265625 0.028125
0 0.0140625 0.425 0.028125 0.03125
0 0.10625 0.43203125 0.06875 0.0453125
0 0.284375 0.43828125 0.0875 0.0578125
0 0.28515625 0.5125 0.0765625 0.08125
0 0.1078125 0.51328125 0.0625 0.0640625
0 0.01171875 0.5125 0.0234375 0.046875
0 0.68984375 0.7046875 0.6203125 0.590625