0 0.25 0.03828125 0.1625 0.0765625
0 0.615625 0.33671875 0.071875 0.2046875
0 0.52421875 0.6953125 0.1109375 0.5125
0 0.725 0.7375 0.05 0.071875
0 0.628125 0.771875 0.05625 0.0875
0 0.59375 0.7671875 0.028125 0.071875
0 0.5890625 0.76015625 0.01875 0.0453125
0 0.59140625 0.75546875 0.0234375 0.0578125
0 0.5890625 0.7421875 0.01875 0.053125
0 0.5875 0.7140625 0.015625 0.046875
0 0.7296875 0.56171875 0.034375 0.0421875
0 0.628125 0.590625 0.05 0.05625
0 0.59375 0.5953125 0.028125 0.065625
0 0.5875 0.57734375 0.015625 0.0515625
0 0.5921875 0.55390625 0.025 0.0578125
0 0.58984375 0.5359375 0.0203125 0.0625
0 0.728125 0.453125 0.05 0.028125
0 0.63046875 0.453125 0.0453125 0.028125
0 0.59140625 0.45390625 0.0234375 0.0296875
0 0.5890625 0.4515625 0.01875 0.025
0 0.59296875 0.4609375 0.0265625 0.04375
0 0.590625 0.4546875 0.021875 0.03125
0 0.590625 0.45390625 0.021875 0.0296875
0 0.75390625 0.4515625 0.0390625 0.025
0 0.61875 0.4515625 0.0375 0.025
0 0.5890625 0.4515625 0.01875 0.025
0 0.5890625 0.4515625 0.01875 0.025
0 0.590625 0.453125 0.021875 0.028125
0 0.5890625 0.4515625 0.01875 0.025
0 0.58984375 0.453125 0.0203125 0.028125
0 0.74375 0.4515625 0.034375 0.025
0 0.64765625 0.453125 0.0421875 0.028125
0 0.58828125 0.45 0.0171875 0.021875
0 0.58984375 0.45078125 0.0203125 0.0234375
0 0.5921875 0.45625 0.025 0.034375
0 0.5875 0.5796875 0.015625 0.046875
0 0.59375 0.45703125 0.028125 0.0359375