0 0.08984375 0.23359375 0.1796875 0.4671875
0 0.98203125 0.01015625 0.0359375 0.0203125
0 0.98203125 0.0109375 0.0359375 0.021875
0 0.97890625 0.14140625 0.0421875 0.0515625
0 0.97421875 0.3203125 0.0515625 0.040625
0 0.84296875 0.321875 0.0640625 0.046875
0 0.70859375 0.32421875 0.0578125 0.0421875
0 0.7296875 0.14140625 0.05625 0.0453125
0 0.8609375 0.1375 0.06875 0.046875
0 0.86640625 0.01015625 0.0578125 0.0203125
0 0.8640625 0.01015625 0.053125 0.0203125
0 0.73203125 0.01171875 0.0640625 0.0234375
0 0.73984375 0.0109375 0.0578125 0.021875
0 0.3640625 0.69375 0.05 0.08125
0 0.20625 0.7046875 0.05 0.078125
0 0.20625 0.846875 0.05 0.078125
0 0.21875 0.978125 0.05 0.04375
0 0.3625 0.859375 0.05 0.078125
0 0.365625 0.98359375 0.05 0.0328125
0 0.6875 0.97109375 0.053125 0.0578125
0 0.9765625 0.978125 0.046875 0.04375
0 0.98203125 0.671875 0.0359375 0.06875
0 0.70234375 0.6609375 0.0515625 0.06875