0 0.5734375 0.33125 0.0625 0.065625
0 0.78515625 0.31640625 0.2328125 0.2359375
0 0.37734375 0.70546875 0.0515625 0.0328125
0 0.0890625 0.70625 0.053125 0.034375
0 0.01328125 0.70546875 0.0265625 0.0328125
0 0.378125 0.70625 0.053125 0.034375
0 0.08671875 0.70625 0.0515625 0.034375
0 0.01328125 0.70546875 0.0265625 0.0328125
0 0.01328125 0.9078125 0.0265625 0.06875
0 0.07578125 0.925 0.0515625 0.06875
0 0.36328125 0.9359375 0.0515625 0.06875
0 0.68515625 0.79296875 0.0328125 0.0953125
0 0.68203125 0.7984375 0.0265625 0.0875
0 0.68125 0.8109375 0.025 0.08125
0 0.68984375 0.8 0.0421875 0.078125
0 0.68984375 0.70859375 0.0421875 0.0390625
0 0.68359375 0.70859375 0.0296875 0.0390625
0 0.68125 0.70859375 0.025 0.0390625
0 0.68125 0.70859375 0.025 0.0390625
0 0.68125 0.70859375 0.025 0.0390625
0 0.68125 0.71015625 0.025 0.0421875
0 0.68359375 0.709375 0.0296875 0.040625
0 0.684375 0.709375 0.03125 0.040625