0 0.165625 0.45859375 0.159375 0.1046875
0 0.26328125 0.74453125 0.1109375 0.0921875
0 0.1578125 0.14375 0.090625 0.078125
0 0.803125 0.79453125 0.075 0.0515625
0 0.48671875 0.79375 0.0796875 0.05625
0 0.5078125 0.54453125 0.134375 0.0890625
0 0.94921875 0.7890625 0.0796875 0.046875
0 0.86953125 0.64140625 0.0703125 0.0515625
0 0.753125 0.56328125 0.090625 0.0671875
0 0.9203125 0.36015625 0.096875 0.0640625
0 0.765625 0.38125 0.11875 0.075
0 0.78203125 0.10078125 0.0953125 0.0671875
0 0.55546875 0.31171875 0.1640625 0.1828125
0 0.5609375 0.08359375 0.134375 0.0859375