0 0.19921875 0.3625 0.1578125 0.15625
0 0.371875 0.1375 0.18125 0.115625
0 0.3953125 0.2953125 0.15 0.121875
0 0.578125 0.14296875 0.090625 0.1109375
0 0.61484375 0.2921875 0.1296875 0.115625
0 0.5140625 0.43203125 0.109375 0.0984375
0 0.4375 0.53359375 0.13125 0.1265625
0 0.35546875 0.8140625 0.1859375 0.115625
0 0.45546875 0.7140625 0.1109375 0.109375
0 0.6015625 0.559375 0.0875 0.09375
0 0.86640625 0.2234375 0.0796875 0.103125
0 0.76875 0.23515625 0.046875 0.0953125
0 0.71015625 0.36875 0.1234375 0.08125
0 0.6984375 0.4828125 0.09375 0.096875
0 0.81875 0.36640625 0.075 0.1015625
0 0.86875 0.5015625 0.059375 0.075
0 0.83125 0.57109375 0.09375 0.0734375
0 0.68125 0.6125 0.090625 0.1125
0 0.8125 0.665625 0.134375 0.09375
0 0.725 0.7671875 0.090625 0.121875
0 0.646875 0.909375 0.1375 0.075