0 0.06953125 0.259375 0.1390625 0.178125
0 0.30859375 0.1859375 0.1421875 0.18125
0 0.1671875 0.08125 0.14375 0.1625
0 0.50078125 0.12109375 0.0359375 0.1796875
0 0.40390625 0.05390625 0.1421875 0.1078125
0 0.44921875 0.30546875 0.1390625 0.1921875
0 0.20703125 0.353125 0.1609375 0.171875
0 0.03984375 0.3953125 0.0796875 0.0875
0 0.746875 0.42421875 0.053125 0.0296875
0 0.74453125 0.128125 0.0515625 0.06875
0 0.53203125 0.13828125 0.0265625 0.0671875
0 0.53203125 0.0171875 0.0265625 0.034375
0 0.73359375 0.0171875 0.0515625 0.034375
0 0.259375 0.74921875 0.51875 0.5015625
0 0.63125 0.8578125 0.225 0.284375