1 0.3046875 0.5171875 0.1375 0.1
1 0.471875 0.4578125 0.1375 0.1
1 0.6265625 0.3984375 0.1375 0.1
1 0.771875 0.340625 0.1375 0.1
1 0.8984375 0.29375 0.1375 0.1
1 0.7921875 0.05 0.1375 0.1
1 0.6453125 0.0859375 0.1375 0.1
1 0.4875 0.134375 0.1375 0.1
1 0.3265625 0.1875 0.1375 0.1
1 0.134375 0.240625 0.153125 0.10625
1 0.121875 0.5875 0.153125 0.10625
1 0.2296875 0.921875 0.153125 0.10625
1 0.384375 0.846875 0.153125 0.10625
1 0.5375 0.77734375 0.153125 0.1046875
1 0.6734375 0.715625 0.125 0.090625
1 0.8 0.6578125 0.125 0.090625
1 0.9203125 0.59609375 0.125 0.0921875
1 0.89140625 0.8265625 0.1234375 0.09375
1 0.76875 0.88984375 0.125 0.0921875
1 0.6359375 0.953125 0.125 0.090625