0 0.25 0.2296875 0.5 0.459375
0 0.571875 0.290625 0.13125 0.146875
0 0.5328125 0.128125 0.065625 0.146875
0 0.53203125 0.03671875 0.0640625 0.0734375
0 0.52734375 0.24375 0.0546875 0.134375
0 0.5265625 0.028125 0.053125 0.05625
0 0.52265625 0.021875 0.0453125 0.04375
0 0.53203125 0.021875 0.0640625 0.04375
0 0.61328125 0.03984375 0.1140625 0.0796875
0 0.7265625 0.1671875 0.128125 0.13125
0 0.85234375 0.33515625 0.1421875 0.1546875
0 0.696875 0.42578125 0.14375 0.0671875
0 0.8625 0.05859375 0.121875 0.1171875
0 0.75 0.02890625 0.121875 0.0578125
0 0.871875 0.02890625 0.121875 0.0578125
0 0.9625 0.02890625 0.075 0.0578125
0 0.77265625 0.01328125 0.1171875 0.0265625
0 0.25 0.7296875 0.5 0.540625