0 0.540625 0.23515625 0.075 0.1296875
0 0.63515625 0.26875 0.0703125 0.090625
0 0.3109375 0.96484375 0.13125 0.0703125
0 0.2078125 0.8421875 0.13125 0.146875
0 0.109375 0.6984375 0.128125 0.146875
0 0.02734375 0.94453125 0.0546875 0.1109375
0 0.03984375 0.5640625 0.0796875 0.1125
0 0.17109375 0.51171875 0.0921875 0.0453125
0 0.25625 0.603125 0.09375 0.0875
0 0.35234375 0.73515625 0.1140625 0.1140625
0 0.465625 0.8796875 0.128125 0.13125
0 0.5703125 0.77109375 0.059375 0.1171875
0 0.490625 0.63984375 0.121875 0.1171875
0 0.575 0.56015625 0.05 0.1171875
0 0.51171875 0.50234375 0.1171875 0.0265625
0 0.928125 0.61015625 0.14375 0.2421875