0 0.31953125 0.11953125 0.6390625 0.2390625
0 0.65234375 0.21328125 0.0265625 0.0515625
0 0.01171875 0.915625 0.0234375 0.090625
0 0.0921875 0.9265625 0.04375 0.08125
0 0.26875 0.9140625 0.046875 0.08125
0 0.46171875 0.91875 0.0484375 0.096875
0 0.0125 0.7453125 0.025 0.08125
0 0.09921875 0.75390625 0.0484375 0.0984375
0 0.278125 0.7390625 0.046875 0.096875
0 0.45859375 0.721875 0.0484375 0.096875
0 0.01171875 0.559375 0.0234375 0.109375
0 0.0921875 0.56875 0.046875 0.090625
0 0.27578125 0.5625 0.0515625 0.0875
0 0.4578125 0.53671875 0.046875 0.0984375
0 0.01171875 0.3875 0.0234375 0.1
0 0.10078125 0.39140625 0.0515625 0.0984375
0 0.27890625 0.38515625 0.0453125 0.0953125
0 0.46015625 0.35390625 0.0484375 0.0921875