0 0.30546875 0.26171875 0.2546875 0.1859375
0 0.67734375 0.20703125 0.4765625 0.4140625
0 0.20546875 0.63828125 0.2640625 0.0984375
0 0.8921875 0.98515625 0.0375 0.0296875
0 0.89140625 0.921875 0.0390625 0.071875
0 0.89375 0.83515625 0.0375 0.0703125
0 0.89765625 0.7484375 0.0390625 0.06875
0 0.90078125 0.66171875 0.0390625 0.0703125
0 0.90234375 0.60625 0.0390625 0.034375
0 0.73671875 0.98671875 0.0359375 0.0265625
0 0.73828125 0.9234375 0.0359375 0.06875
0 0.740625 0.834375 0.0375 0.06875
0 0.7421875 0.746875 0.0375 0.06875
0 0.7453125 0.6578125 0.0375 0.06875
0 0.74765625 0.60546875 0.0359375 0.0328125
0 0.58046875 0.984375 0.0359375 0.03125
0 0.58203125 0.91875 0.0359375 0.06875
0 0.584375 0.834375 0.0375 0.06875
0 0.5859375 0.74453125 0.0375 0.0671875
0 0.5875 0.6578125 0.0375 0.075
0 0.58828125 0.6078125 0.0359375 0.0375
0 0.4484375 0.60625 0.01875 0.034375
0 0.4484375 0.6546875 0.01875 0.06875
0 0.44921875 0.74375 0.0203125 0.071875
0 0.44921875 0.82890625 0.0203125 0.0734375
0 0.44921875 0.91875 0.0203125 0.071875
0 0.44921875 0.98359375 0.0203125 0.0328125
0 0.44921875 0.98125 0.0203125 0.0375
0 0.44921875 0.9140625 0.0203125 0.071875
0 0.44921875 0.8265625 0.0203125 0.071875
0 0.44921875 0.7375 0.0203125 0.071875
0 0.44921875 0.6484375 0.0203125 0.071875
0 0.44921875 0.60703125 0.0203125 0.0359375