0 0.125 0.178125 0.075 0.040625
0 0.125 0.346875 0.075 0.046875
0 0.13125 0.5234375 0.09375 0.046875
0 0.1234375 0.71875 0.084375 0.04375
0 0.3046875 0.1765625 0.090625 0.046875
0 0.29375 0.3484375 0.08125 0.04375
0 0.30625 0.525 0.08125 0.046875
0 0.3015625 0.71796875 0.096875 0.0484375
0 0.475 0.175 0.08125 0.05
0 0.46640625 0.35546875 0.0984375 0.0484375
0 0.48125 0.534375 0.096875 0.046875
0 0.4984375 0.71484375 0.096875 0.0484375
0 0.6609375 0.1765625 0.109375 0.046875
0 0.6515625 0.3484375 0.090625 0.046875
0 0.659375 0.53203125 0.0875 0.0515625
0 0.68359375 0.7140625 0.0984375 0.046875
0 0.8328125 0.17265625 0.1 0.0484375
0 0.82890625 0.35703125 0.0984375 0.0515625
0 0.83515625 0.53515625 0.0953125 0.0453125
0 0.86640625 0.71640625 0.0921875 0.0484375