0 0.425 0.30390625 0.25625 0.2921875
0 0.13515625 0.3734375 0.2703125 0.153125
0 0.29921875 0.0859375 0.2515625 0.171875
0 0.07890625 0.1359375 0.1578125 0.271875
0 0.06171875 0.053125 0.1234375 0.10625
0 0.78046875 0.13203125 0.0703125 0.0546875
0 0.75546875 0.0140625 0.0703125 0.028125
0 0.75546875 0.01328125 0.0703125 0.0265625
0 0.43828125 0.8328125 0.3234375 0.334375
0 0.6203125 0.46484375 0.040625 0.0296875
0 0.6203125 0.68203125 0.040625 0.0578125
0 0.62109375 0.92890625 0.0421875 0.0578125
0 0.7984375 0.9328125 0.0875 0.059375
0 0.7984375 0.684375 0.0875 0.0625
0 0.78828125 0.4640625 0.0765625 0.028125