0 0.19375 0.4984375 0.115625 0.1
0 0.8046875 0.55078125 0.06875 0.0515625
0 0.79375 0.26328125 0.06875 0.0515625
0 0.34375 0.7859375 0.25625 0.253125
0 0.09453125 0.87109375 0.1890625 0.2578125
0 0.21796875 0.7453125 0.2515625 0.171875
0 0.065625 0.73828125 0.13125 0.1578125
0 0.06171875 0.7125 0.1234375 0.10625
0 0.95234375 0.6921875 0.0953125 0.065625
0 0.815625 0.6921875 0.146875 0.065625
0 0.6734375 0.70703125 0.146875 0.0953125
0 0.93125 0.8140625 0.134375 0.109375
0 0.596875 0.7734375 0.05625 0.10625
0 0.590625 0.68203125 0.04375 0.0453125
0 0.5953125 0.6828125 0.053125 0.046875
0 0.71015625 0.6875 0.1140625 0.05625
0 0.8546875 0.69140625 0.13125 0.0640625
0 0.74609375 0.68984375 0.1171875 0.0609375
0 0.62109375 0.68984375 0.1046875 0.0609375
0 0.59765625 0.68984375 0.0578125 0.0609375
0 0.65703125 0.6890625 0.1171875 0.059375
0 0.58203125 0.68828125 0.0265625 0.0578125