0 0.21484375 0.159375 0.4296875 0.31875
0 0.71484375 0.159375 0.5703125 0.31875
0 0.1984375 0.98984375 0.071875 0.0203125
0 0.165625 0.9078125 0.0875 0.05625
0 0.16875 0.80390625 0.071875 0.0578125
0 0.17578125 0.69375 0.0453125 0.0375
0 0.18046875 0.6015625 0.0578125 0.046875
0 0.19375 0.50078125 0.053125 0.0390625
0 0.221875 0.4046875 0.046875 0.03125
0 0.37421875 0.9953125 0.0421875 0.009375
0 0.3453125 0.9078125 0.05625 0.05
0 0.340625 0.80390625 0.065625 0.0578125
0 0.35859375 0.5859375 0.0515625 0.03125
0 0.38203125 0.4875 0.0578125 0.05
0 0.39921875 0.375 0.0609375 0.040625
0 0.35625 0.7015625 0.046875 0.03125
0 0.71484375 0.659375 0.5703125 0.68125