0 0.0765625 0.28203125 0.153125 0.1140625
0 0.0234375 0.52578125 0.046875 0.0328125
0 0.021875 0.52265625 0.04375 0.0265625
0 0.0203125 0.6703125 0.040625 0.05
0 0.01953125 0.828125 0.0390625 0.05
0 0.053125 0.8296875 0.078125 0.05
0 0.203125 0.815625 0.078125 0.05
0 0.065625 0.6734375 0.078125 0.05
0 0.2125 0.66875 0.078125 0.05
0 0.225 0.52578125 0.078125 0.0328125
0 0.0765625 0.521875 0.084375 0.025
0 0.084375 0.52421875 0.08125 0.0296875
0 0.240625 0.525 0.08125 0.03125
0 0.946875 0.540625 0.10625 0.0625