0 0.325 0.13046875 0.65 0.2609375
0 0.7125 0.14296875 0.125 0.2859375
0 0.8421875 0.2328125 0.2625 0.2125
0 0.91015625 0.053125 0.1796875 0.10625
0 0.3375 0.4 0.1 0.121875
0 0.3984375 0.559375 0.1 0.1375
0 0.45625 0.7140625 0.1 0.1375
0 0.515625 0.859375 0.1 0.1375
0 0.5609375 0.9578125 0.1 0.084375
0 0.63359375 0.4140625 0.0328125 0.1375
0 0.60546875 0.37734375 0.0890625 0.0765625
0 0.2671875 0.37734375 0.10625 0.0765625
0 0.0265625 0.37734375 0.053125 0.0765625
0 0.03046875 0.4703125 0.0609375 0.153125
0 0.07734375 0.625 0.1046875 0.153125
0 0.1390625 0.7609375 0.090625 0.125
0 0.196875 0.8875 0.090625 0.125
0 0.25859375 0.97265625 0.0921875 0.0546875
0 0.0375 0.95859375 0.075 0.0828125
0 0.02265625 0.85625 0.0453125 0.125
0 0.02265625 0.7234375 0.0453125 0.125
0 0.828125 0.659375 0.34375 0.4625