0 0.175 0.33125 0.35 0.5375
0 0.8625 0.0140625 0.175 0.028125
0 0.58046875 0.12109375 0.1734375 0.1109375
0 0.80390625 0.57578125 0.1140625 0.0484375
0 0.175 0.8 0.35 0.4
0 0.5953125 0.7609375 0.13125 0.146875
0 0.4921875 0.63671875 0.13125 0.0734375
0 0.40390625 0.63671875 0.1078125 0.0734375
0 0.37734375 0.7140625 0.0546875 0.134375
0 0.3765625 0.628125 0.053125 0.05625
0 0.45546875 0.621875 0.0921875 0.04375
0 0.540625 0.621875 0.09375 0.04375
0 0.63671875 0.628125 0.1140625 0.05625
0 0.75 0.6515625 0.128125 0.103125
0 0.87578125 0.80546875 0.1421875 0.1546875
0 0.7203125 0.93125 0.14375 0.1375
0 0.8859375 0.62890625 0.121875 0.0578125
0 0.7734375 0.62890625 0.121875 0.0578125
0 0.8953125 0.62890625 0.121875 0.0578125
0 0.97421875 0.62890625 0.0515625 0.0578125
0 0.79609375 0.61328125 0.1171875 0.0265625