0 0.3 0.21484375 0.6 0.4296875
0 0.73359375 0.3203125 0.0515625 0.06875
0 0.96953125 0.315625 0.0515625 0.06875
0 0.96953125 0.0453125 0.0515625 0.06875
0 0.73203125 0.0515625 0.0515625 0.06875
0 0.73359375 0.0171875 0.0515625 0.034375
0 0.96953125 0.0171875 0.0515625 0.034375
0 0.3 0.71484375 0.6 0.5703125
0 0.85625 0.94453125 0.053125 0.0671875
0 0.61328125 0.959375 0.0265625 0.06875
0 0.85390625 0.628125 0.0515625 0.06875
0 0.61328125 0.6375 0.0265625 0.06875
0 0.61328125 0.44609375 0.0265625 0.0328125
0 0.84296875 0.446875 0.0515625 0.034375