0 0.10546875 0.0125 0.0671875 0.025
0 0.0875 0.02421875 0.06875 0.0484375
0 0.07109375 0.3140625 0.0671875 0.053125
0 0.4171875 0.01328125 0.06875 0.0265625
0 0.403125 0.025 0.06875 0.05
0 0.39296875 0.31875 0.0671875 0.053125
0 0.675 0.04453125 0.071875 0.0890625
0 0.83515625 0.0453125 0.1421875 0.090625
0 0.70234375 0.04453125 0.1265625 0.0890625
0 0.9296875 0.04453125 0.140625 0.0890625
0 0.953125 0.04765625 0.09375 0.0953125
0 0.88359375 0.053125 0.1609375 0.10625
0 0.73359375 0.053125 0.1609375 0.10625
0 0.67890625 0.053125 0.0796875 0.10625
0 0.67890625 0.08671875 0.0796875 0.1734375
0 0.77890625 0.2 0.1609375 0.2125
0 0.67890625 0.259375 0.0796875 0.2
0 0.67890625 0.1203125 0.0796875 0.2125
0 0.31953125 0.38359375 0.0515625 0.0484375
0 0.6078125 0.3765625 0.053125 0.034375
0 0.31875 0.6859375 0.053125 0.06875
0 0.61015625 0.671875 0.0515625 0.06875
0 0.6171875 0.978125 0.04375 0.04375
0 0.33359375 0.98359375 0.0515625 0.0328125
0 0.8953125 0.51796875 0.1625 0.1921875