0 0.11484375 0.4359375 0.0421875 0.0625
0 0.3046875 0.43359375 0.046875 0.0578125
0 0.48125 0.43828125 0.04375 0.0578125
0 0.478125 0.3125 0.04375 0.06875
0 0.29765625 0.30390625 0.0515625 0.0640625
0 0.11875 0.29140625 0.040625 0.0578125
0 0.1171875 0.15703125 0.046875 0.0640625
0 0.11484375 0.02578125 0.0421875 0.0515625
0 0.29765625 0.04375 0.0453125 0.05625
0 0.3015625 0.175 0.046875 0.06875
0 0.48359375 0.18046875 0.0421875 0.0578125
0 0.47421875 0.05390625 0.0453125 0.0578125
0 0.7578125 0.31875 0.25625 0.321875
0 0.5609375 0.8703125 0.1375 0.178125
0 0.32265625 0.9265625 0.1421875 0.146875
0 0.07734375 0.959375 0.1421875 0.08125
0 0.16875 0.82421875 0.165625 0.1921875
0 0.27421875 0.6203125 0.1609375 0.2125
0 0.42421875 0.75625 0.1609375 0.2125
0 0.61171875 0.671875 0.0359375 0.2125
0 0.53125 0.5671875 0.159375 0.175
0 0.37890625 0.5328125 0.1609375 0.10625
0 0.59609375 0.5328125 0.0671875 0.10625
0 0.81484375 0.73984375 0.3703125 0.5203125