0 0.17578125 0.01640625 0.0515625 0.0328125
0 0.4640625 0.0171875 0.053125 0.034375
0 0.175 0.18125 0.053125 0.06875
0 0.46640625 0.1671875 0.0515625 0.06875
0 0.47734375 0.4859375 0.0515625 0.06875
0 0.18984375 0.496875 0.0515625 0.06875
0 0.759375 0.334375 0.48125 0.66875
0 0.490625 0.96015625 0.05625 0.0796875
0 0.37734375 0.753125 0.2828125 0.16875
0 0.93515625 0.6921875 0.0671875 0.046875
0 0.95078125 0.97421875 0.0671875 0.0515625
0 0.63046875 0.97734375 0.0671875 0.0453125
0 0.6234375 0.69453125 0.06875 0.0515625