0 0.24453125 0.16953125 0.4890625 0.3390625
0 0.74453125 0.16953125 0.5109375 0.3390625
0 0.24453125 0.66953125 0.4890625 0.6609375
0 0.93359375 0.6796875 0.1328125 0.13125
0 0.7796875 0.7828125 0.146875 0.13125
0 0.6359375 0.88125 0.146875 0.128125
0 0.89375 0.975 0.134375 0.05
0 0.5234375 0.95546875 0.06875 0.0890625
0 0.5109375 0.81953125 0.04375 0.0921875
0 0.540625 0.734375 0.0875 0.09375
0 0.67265625 0.63828125 0.1140625 0.1140625
0 0.8171875 0.525 0.13125 0.128125
0 0.95390625 0.4046875 0.0921875 0.13125
0 0.70859375 0.39453125 0.1171875 0.1109375
0 0.57734375 0.5015625 0.1171875 0.121875
0 0.52265625 0.3890625 0.0671875 0.1
0 0.61953125 0.36875 0.1171875 0.059375
0 0.50234375 0.47890625 0.0265625 0.1171875