0 0.29921875 0.28125 0.1421875 0.18125
0 0.41875 0.39453125 0.1 0.1796875
0 0.0625 0.34609375 0.125 0.1796875
0 0.20390625 0.4484375 0.1421875 0.178125
0 0.1453125 0.16171875 0.165625 0.1921875
0 0.25078125 0.053125 0.1609375 0.10625
0 0.39453125 0.1 0.1484375 0.2
0 0.35546875 0.053125 0.1609375 0.10625
0 0.87265625 0.0140625 0.0828125 0.028125
0 0.87265625 0.20078125 0.0828125 0.0578125
0 0.8671875 0.44765625 0.084375 0.0578125
0 0.596875 0.4515625 0.0875 0.059375
0 0.596875 0.203125 0.0875 0.0625
0 0.60703125 0.0140625 0.0765625 0.028125
0 0.4890625 0.0140625 0.040625 0.028125
0 0.4875 0.2046875 0.0375 0.059375
0 0.4875 0.4515625 0.0375 0.059375
0 0.234375 0.775 0.46875 0.45
0 0.8046875 0.56328125 0.06875 0.0265625
0 0.81875 0.82734375 0.06875 0.0515625
0 0.5015625 0.83828125 0.065625 0.0515625
0 0.49609375 0.56328125 0.0546875 0.0265625