0 0.08046875 0.053125 0.0859375 0.10625
0 0.08359375 0.05390625 0.0796875 0.1078125
0 0.359375 0.16015625 0.071875 0.0984375
0 0.36484375 0.05625 0.0765625 0.1125
0 0.3703125 0.02890625 0.075 0.0578125
0 0.68828125 0.1734375 0.0921875 0.071875
0 0.52421875 0.54609375 0.0671875 0.0515625
0 0.5421875 0.834375 0.06875 0.053125
0 0.2125 0.5453125 0.06875 0.053125
0 0.2265625 0.83671875 0.06875 0.0515625
0 0.0171875 0.84765625 0.034375 0.0515625
0 0.0171875 0.56015625 0.034375 0.0515625
0 0.7203125 0.49765625 0.090625 0.1421875