0 0.2296875 0.309375 0.459375 0.61875
0 0.8421875 0.2984375 0.271875 0.596875
0 0.2609375 0.8515625 0.146875 0.13125
0 0.0984375 0.94453125 0.146875 0.1109375
0 0.021875 0.97265625 0.04375 0.0546875
0 0.021875 0.90625 0.04375 0.09375
0 0.028125 0.81015625 0.05625 0.1140625
0 0.1375 0.696875 0.13125 0.128125
0 0.30546875 0.65390625 0.1546875 0.0703125
0 0.4109375 0.7265625 0.096875 0.14375
0 0.04375 0.64921875 0.0875 0.0609375
0 0.02890625 0.67578125 0.0578125 0.1140625
0 0.02890625 0.64921875 0.0578125 0.0609375
0 0.02890625 0.6484375 0.0578125 0.059375
0 0.01328125 0.6640625 0.0265625 0.090625
0 0.79765625 0.678125 0.1609375 0.11875