0 0.190625 0.6140625 0.090625 0.13125
0 0.684375 0.41015625 0.63125 0.5390625
0 0.0453125 0.715625 0.090625 0.071875
0 0.0453125 0.71484375 0.090625 0.0703125
0 0.04453125 0.715625 0.0890625 0.071875
0 0.04453125 0.71484375 0.0890625 0.0703125
0 0.04453125 0.71484375 0.0890625 0.0703125
0 0.071875 0.72109375 0.14375 0.0828125
0 0.2515625 0.71953125 0.2125 0.0796875
0 0.115625 0.71953125 0.2125 0.0796875
0 0.2 0.76640625 0.2125 0.1609375
0 0.29296875 0.71953125 0.1515625 0.0796875
0 0.3203125 0.8828125 0.096875 0.159375
0 0.684375 0.83984375 0.63125 0.3203125