0 0.1421875 0.2296875 0.253125 0.290625
0 0.634375 0.25 0.73125 0.5
0 0.1515625 0.51640625 0.053125 0.0328125
0 0.01328125 0.51640625 0.0265625 0.0328125
0 0.01328125 0.5171875 0.0265625 0.034375
0 0.1578125 0.58046875 0.053125 0.0671875
0 0.0125 0.56484375 0.025 0.0671875
0 0.01328125 0.559375 0.0265625 0.06875
0 0.01328125 0.88046875 0.0265625 0.0671875
0 0.0125 0.88515625 0.025 0.0671875
0 0.15234375 0.8921875 0.0515625 0.06875
0 0.89375 0.62265625 0.075 0.1296875
0 0.975 0.89765625 0.05 0.1296875