0 0.2796875 0.3296875 0.559375 0.659375
0 0.5953125 0.0140625 0.046875 0.028125
0 0.76484375 0.0140625 0.0453125 0.028125
0 0.94140625 0.015625 0.0453125 0.03125
0 0.9453125 0.10703125 0.046875 0.0578125
0 0.76875 0.10234375 0.04375 0.0578125
0 0.59375 0.11015625 0.040625 0.0515625
0 0.59375 0.23359375 0.040625 0.0578125
0 0.771875 0.228125 0.04375 0.06875
0 0.95234375 0.23671875 0.0515625 0.0640625
0 0.95234375 0.496875 0.0453125 0.05625
0 0.9484375 0.365625 0.046875 0.06875
0 0.76640625 0.36015625 0.0421875 0.0578125
0 0.59375 0.3625 0.040625 0.053125
0 0.5953125 0.49453125 0.046875 0.0640625
0 0.77578125 0.48671875 0.0453125 0.0578125
0 0.2890625 0.6765625 0.053125 0.034375
0 0.01328125 0.67578125 0.0265625 0.0328125
0 0.28671875 0.75 0.0515625 0.06875
0 0.01328125 0.73984375 0.0265625 0.0671875
0 0.7796875 0.8296875 0.440625 0.340625