0 0.20625 0.32421875 0.165625 0.1921875
0 0.7546875 0.23984375 0.490625 0.4796875
0 0.0953125 0.93984375 0.059375 0.0421875
0 0.0890625 0.778125 0.065625 0.046875
0 0.09140625 0.61171875 0.0609375 0.0453125
0 0.096875 0.4921875 0.0625 0.025
0 0.115625 0.4890625 0.053125 0.01875
0 0.296875 0.490625 0.05625 0.021875
0 0.29140625 0.490625 0.0609375 0.021875
0 0.28515625 0.61484375 0.0640625 0.0453125
0 0.28359375 0.7828125 0.0609375 0.05
0 0.2875 0.94296875 0.059375 0.0484375
0 0.475 0.93984375 0.059375 0.0421875
0 0.47734375 0.775 0.0640625 0.046875
0 0.4734375 0.60859375 0.05625 0.0390625
0 0.475 0.48984375 0.059375 0.0203125
0 0.48125 0.48984375 0.05625 0.0203125
0 0.63984375 0.834375 0.2609375 0.13125