0 0.184375 0.24453125 0.36875 0.4890625
0 0.21015625 0.83359375 0.3171875 0.3328125
0 0.9796875 0.496875 0.040625 0.015625
0 0.9078125 0.49765625 0.0625 0.0171875
0 0.821875 0.4984375 0.075 0.01875
0 0.73671875 0.4984375 0.0671875 0.01875
0 0.65 0.49765625 0.065625 0.0171875
0 0.5640625 0.4984375 0.071875 0.01875
0 0.475 0.4984375 0.075 0.01875
0 0.39453125 0.49921875 0.0515625 0.0203125
0 0.38671875 0.4984375 0.0359375 0.01875
0 0.97578125 0.4984375 0.0484375 0.01875
0 0.90625 0.4984375 0.075 0.01875
0 0.821875 0.49921875 0.075 0.0203125
0 0.7328125 0.4984375 0.071875 0.01875
0 0.6484375 0.4984375 0.071875 0.01875
0 0.56171875 0.4984375 0.0703125 0.01875
0 0.475 0.4984375 0.06875 0.01875
0 0.39609375 0.4984375 0.0546875 0.01875
0 0.3859375 0.4984375 0.034375 0.01875
0 0.9765625 0.4984375 0.046875 0.01875
0 0.903125 0.4984375 0.06875 0.01875
0 0.81875 0.4984375 0.06875 0.01875
0 0.734375 0.49765625 0.06875 0.0171875
0 0.65 0.49765625 0.06875 0.0171875
0 0.5609375 0.4984375 0.06875 0.01875
0 0.4734375 0.4984375 0.06875 0.01875
0 0.39375 0.4984375 0.05 0.01875
0 0.38515625 0.49765625 0.0328125 0.0171875
0 0.97578125 0.62734375 0.0484375 0.0359375
0 0.903125 0.62734375 0.06875 0.0359375
0 0.82109375 0.62578125 0.0671875 0.0359375
0 0.7296875 0.62578125 0.06875 0.0359375
0 0.6453125 0.62421875 0.06875 0.0359375
0 0.5609375 0.621875 0.06875 0.0375
0 0.47109375 0.6203125 0.0671875 0.0375
0 0.39453125 0.61875 0.0515625 0.0375
0 0.3875 0.61796875 0.0375 0.0359375
0 0.3859375 0.77578125 0.034375 0.0390625
0 0.3921875 0.77734375 0.046875 0.0390625
0 0.4703125 0.778125 0.071875 0.040625
0 0.55546875 0.778125 0.0734375 0.040625
0 0.6453125 0.778125 0.071875 0.040625
0 0.7296875 0.7796875 0.071875 0.040625
0 0.8140625 0.7796875 0.071875 0.040625
0 0.90078125 0.78125 0.0734375 0.040625
0 0.97421875 0.78359375 0.0515625 0.0390625
0 0.971875 0.9609375 0.05625 0.040625
0 0.8984375 0.959375 0.071875 0.040625
0 0.8140625 0.9609375 0.071875 0.040625
0 0.725 0.9578125 0.071875 0.040625
0 0.640625 0.959375 0.071875 0.040625
0 0.553125 0.959375 0.071875 0.040625
0 0.4640625 0.959375 0.071875 0.040625
0 0.38984375 0.959375 0.0421875 0.040625
0 0.38671875 0.9578125 0.0359375 0.040625