0 0.34375 0.209375 0.371875 0.41875
0 0.834375 0.33125 0.053125 0.06875
0 0.54921875 0.34765625 0.0390625 0.0671875
0 0.83203125 0.025 0.0515625 0.05
0 0.546875 0.0296875 0.034375 0.059375
0 0.54296875 0.0171875 0.0265625 0.034375
0 0.82109375 0.0171875 0.0515625 0.034375
0 0.26484375 0.709375 0.5296875 0.58125
0 0.9125 0.8140625 0.078125 0.05
0 0.7640625 0.8 0.078125 0.05
0 0.9015625 0.6578125 0.078125 0.05
0 0.753125 0.653125 0.078125 0.05
0 0.740625 0.5015625 0.078125 0.05
0 0.8890625 0.48984375 0.084375 0.0515625
0 0.88125 0.43359375 0.08125 0.0296875
0 0.725 0.434375 0.08125 0.03125