0 0.1265625 0.14921875 0.053125 0.0671875
0 0.41875 0.12421875 0.053125 0.0671875
0 0.1203125 0.46328125 0.053125 0.0671875
0 0.40546875 0.44765625 0.0515625 0.0671875
0 0.8 0.26484375 0.4 0.5296875
0 0.3375 0.7359375 0.290625 0.353125
0 0.7921875 0.96796875 0.178125 0.0640625
0 0.71875 0.76640625 0.18125 0.1421875
0 0.64765625 0.9078125 0.0953125 0.14375
0 0.671875 0.59453125 0.14375 0.0703125
0 0.64453125 0.67109375 0.0890625 0.1421875
0 0.83828125 0.62734375 0.1921875 0.1359375
0 0.96796875 0.71796875 0.0640625 0.1609375
0 0.9 0.86796875 0.2 0.1609375