0 0.28984375 0.2296875 0.5796875 0.459375
0 0.5921875 0.01640625 0.025 0.0328125
0 0.709375 0.0171875 0.053125 0.034375
0 0.9875 0.01640625 0.025 0.0328125
0 0.59296875 0.0171875 0.0265625 0.034375
0 0.71171875 0.0171875 0.0515625 0.034375
0 0.99375 0.2390625 0.0125 0.06875
0 0.72265625 0.25625 0.0515625 0.06875
0 0.5921875 0.2671875 0.025 0.06875
0 0.41171875 0.81484375 0.0671875 0.0515625
0 0.4171875 0.5171875 0.06875 0.053125
0 0.09609375 0.5125 0.0671875 0.053125
0 0.09140625 0.80859375 0.0671875 0.0515625
0 0.78984375 0.7296875 0.4203125 0.540625