1 0.14609375 0.6390625 0.1671875 0.184375
1 0.08671875 0.503125 0.1421875 0.14375
1 0.05234375 0.39140625 0.1015625 0.1421875
1 0.22109375 0.8 0.1515625 0.1875
1 0.2953125 0.9390625 0.140625 0.121875
1 0.73203125 0.9390625 0.1390625 0.121875
1 0.64140625 0.80234375 0.1359375 0.1734375
1 0.55859375 0.6578125 0.1359375 0.171875
1 0.48359375 0.50859375 0.1359375 0.1734375
1 0.41328125 0.37109375 0.1359375 0.1734375
1 0.35078125 0.2578125 0.1078125 0.1
1 0.29765625 0.1921875 0.1078125 0.1
1 0.24453125 0.1078125 0.1078125 0.1
1 0.196875 0.0375 0.1 0.071875
1 0.4859375 0.0375 0.1 0.071875
1 0.54375 0.096875 0.1 0.075
1 0.6109375 0.1546875 0.1 0.071875
1 0.678125 0.25 0.10625 0.13125
1 0.74140625 0.3765625 0.1078125 0.13125
1 0.8203125 0.5015625 0.10625 0.13125
1 0.90859375 0.63125 0.1265625 0.1625