0 0.3484375 0.2453125 0.05 0.08125
0 0.190625 0.2359375 0.05 0.078125
0 0.190625 0.0921875 0.05 0.078125
0 0.203125 0.01953125 0.05 0.0390625
0 0.346875 0.08125 0.05 0.078125
0 0.35 0.01953125 0.05 0.0390625
0 0.71953125 0.16484375 0.5609375 0.3296875
0 0.21953125 0.75234375 0.4390625 0.4953125
0 0.84453125 0.35 0.0578125 0.040625
0 0.59765625 0.35078125 0.0578125 0.0421875
0 0.59375 0.4296875 0.059375 0.0875
0 0.8421875 0.4296875 0.0625 0.0875
0 0.840625 0.70859375 0.059375 0.0765625
0 0.59375 0.69296875 0.059375 0.0765625