0 0.3265625 0.103125 0.046875 0.08125
0 0.1703125 0.1140625 0.05 0.078125
0 0.1703125 0.25625 0.05 0.078125
0 0.1828125 0.40625 0.05 0.078125
0 0.325 0.2671875 0.05 0.078125
0 0.32734375 0.415625 0.0453125 0.078125
0 0.675 0.309375 0.65 0.61875
0 0.3328125 0.78671875 0.034375 0.0484375
0 0.2015625 0.63046875 0.109375 0.0234375
0 0.2109375 0.63046875 0.090625 0.0234375
0 0.203125 0.63125 0.0875 0.025
0 0.17890625 0.7859375 0.0984375 0.046875
0 0.03984375 0.63046875 0.0796875 0.0234375
0 0.04140625 0.63125 0.0828125 0.025
0 0.0375 0.6296875 0.075 0.021875
0 0.02265625 0.78828125 0.0453125 0.0484375
0 0.675 0.809375 0.65 0.38125