0 0.484375 0.6953125 0.1 0.1375
0 0.54375 0.5296875 0.1 0.1375
0 0.6015625 0.3734375 0.1 0.1375
0 0.6609375 0.2296875 0.1 0.1375
0 0.7078125 0.103125 0.1 0.1375
0 0.95 0.209375 0.1 0.1375
0 0.915625 0.35625 0.1 0.1375
0 0.8671875 0.5140625 0.1 0.1375
0 0.8140625 0.6734375 0.1 0.1375
0 0.759375 0.865625 0.10625 0.153125
0 0.4125 0.8796875 0.10625 0.153125
0 0.078125 0.7703125 0.10625 0.153125
0 0.153125 0.6171875 0.10625 0.153125
0 0.22265625 0.4640625 0.1046875 0.153125
0 0.284375 0.3265625 0.090625 0.125
0 0.3421875 0.2 0.090625 0.125
0 0.40390625 0.0796875 0.0921875 0.125
0 0.1734375 0.10859375 0.09375 0.1234375
0 0.11015625 0.23125 0.0921875 0.125
0 0.046875 0.3640625 0.090625 0.125