0 0.0625 0.08359375 0.125 0.1671875
0 0.7796875 0.29453125 0.440625 0.5890625
0 0.41796875 0.675 0.2703125 0.171875
0 0.3109375 0.8359375 0.2625 0.315625
0 0.88125 0.93671875 0.053125 0.0671875
0 0.5890625 0.96171875 0.053125 0.0671875
0 0.57265625 0.9625 0.0265625 0.06875
0 0.8875 0.62265625 0.053125 0.0671875
0 0.60234375 0.63828125 0.0515625 0.0671875
0 0.57265625 0.64375 0.0265625 0.06875
0 0.57265625 0.60546875 0.0265625 0.0328125
0 0.59609375 0.60546875 0.0515625 0.0328125
0 0.88203125 0.60625 0.0515625 0.034375