0 0.259375 0.19453125 0.51875 0.3890625
0 0.94765625 0.01171875 0.0578125 0.0234375
0 0.94765625 0.0109375 0.0578125 0.021875
0 0.9453125 0.03984375 0.0625 0.0453125
0 0.9453125 0.23359375 0.0625 0.0484375
0 0.81875 0.23359375 0.0625 0.0421875
0 0.81640625 0.04375 0.0578125 0.046875
0 0.82109375 0.0109375 0.0578125 0.021875
0 0.81328125 0.01015625 0.0515625 0.0203125
0 0.68984375 0.01015625 0.0578125 0.0203125
0 0.6953125 0.0109375 0.06875 0.021875
0 0.68671875 0.05078125 0.0640625 0.0515625
0 0.67421875 0.2296875 0.0578125 0.040625
0 0.5453125 0.23125 0.053125 0.046875
0 0.5328125 0.23359375 0.028125 0.0421875
0 0.5328125 0.05078125 0.028125 0.0453125
0 0.5578125 0.046875 0.06875 0.046875
0 0.56328125 0.01015625 0.0578125 0.0203125
0 0.5609375 0.01015625 0.053125 0.0203125
0 0.534375 0.01171875 0.03125 0.0234375
0 0.5328125 0.0109375 0.028125 0.021875
0 0.209375 0.6828125 0.41875 0.41875
0 0.709375 0.5109375 0.13125 0.146875
0 0.8125 0.6734375 0.13125 0.146875
0 0.9109375 0.815625 0.128125 0.146875
0 0.9703125 0.946875 0.059375 0.10625
0 0.84921875 0.98984375 0.0921875 0.0203125
0 0.7640625 0.9109375 0.09375 0.0875
0 0.66796875 0.77890625 0.1140625 0.1140625
0 0.56875 0.634375 0.1 0.13125
0 0.55390625 0.46640625 0.0703125 0.1546875
0 0.5875 0.43359375 0.1375 0.0890625
0 0.54921875 0.74296875 0.0609375 0.1171875
0 0.5546875 0.87421875 0.071875 0.1171875
0 0.54921875 0.94765625 0.0609375 0.1046875
0 0.5484375 0.83203125 0.059375 0.1171875
0 0.5453125 0.4359375 0.053125 0.09375