0 0.22265625 0.4484375 0.3734375 0.1625
0 0.79453125 0.26484375 0.4109375 0.5296875
0 0.5390625 0.64453125 0.1 0.1046875
0 0.47109375 0.55234375 0.1109375 0.0453125
0 0.56015625 0.959375 0.0578125 0.078125
0 0.01875 0.5421875 0.0375 0.025
0 0.24765625 0.54375 0.0796875 0.028125
0 0.2265625 0.56640625 0.134375 0.0734375
0 0.01953125 0.54140625 0.0390625 0.0234375
0 0.0171875 0.5421875 0.034375 0.025
0 0.02265625 0.5515625 0.0453125 0.04375
0 0.02421875 0.74296875 0.0484375 0.0640625
0 0.0296875 0.721875 0.059375 0.075
0 0.0234375 0.984375 0.046875 0.03125
0 0.17890625 0.79140625 0.1640625 0.1828125
0 0.1734375 0.98828125 0.134375 0.0234375