0 0.3296875 0.16953125 0.61875 0.3390625
0 0.6875 0.04453125 0.096875 0.0890625
0 0.90546875 0.0453125 0.1421875 0.090625
0 0.7640625 0.04453125 0.14375 0.0890625
0 0.96484375 0.04453125 0.0703125 0.0890625
0 0.93671875 0.23359375 0.1265625 0.2109375
0 0.80390625 0.10234375 0.1609375 0.2046875
0 0.67890625 0.1828125 0.0796875 0.2125
0 0.7078125 0.26953125 0.1375 0.1390625
0 0.546875 0.36640625 0.053125 0.0546875
0 0.2546875 0.35546875 0.053125 0.0328125
0 0.01328125 0.35625 0.0265625 0.034375
0 0.553125 0.67421875 0.053125 0.0671875
0 0.26796875 0.65859375 0.0515625 0.0671875
0 0.01328125 0.653125 0.0265625 0.06875
0 0.01328125 0.9703125 0.0265625 0.059375
0 0.26171875 0.97265625 0.0515625 0.0546875
0 0.54765625 0.97578125 0.0515625 0.0484375
0 0.684375 0.77265625 0.090625 0.1359375