0 0.034375 0.096875 0.06875 0.19375
0 0.5140625 0.88203125 0.009375 0.0421875
0 0.4265625 0.9109375 0.05 0.05625
0 0.32265625 0.915625 0.0578125 0.065625
0 0.1046875 0.89765625 0.03125 0.0515625
0 0.015625 0.87421875 0.03125 0.0578125
0 0.01015625 0.85625 0.0203125 0.0625
0 0.51015625 0.7046875 0.0171875 0.05625
0 0.42890625 0.740625 0.0453125 0.05625
0 0.325 0.73828125 0.046875 0.0609375
0 0.21640625 0.73828125 0.0390625 0.0515625
0 0.1203125 0.7359375 0.053125 0.0875
0 0.02109375 0.7015625 0.0421875 0.0625
0 0.0109375 0.68671875 0.021875 0.0609375
0 0.4171875 0.56796875 0.0375 0.0515625
0 0.3171875 0.55234375 0.0375 0.0515625
0 0.2203125 0.5578125 0.0375 0.05
0 0.1140625 0.565625 0.04375 0.05625
0 0.01953125 0.53671875 0.0390625 0.0515625
0 0.01015625 0.53984375 0.0203125 0.0578125
0 0.44609375 0.5234375 0.0421875 0.028125
0 0.3375 0.5203125 0.034375 0.021875
0 0.040625 0.52109375 0.040625 0.0234375
0 0.1453125 0.5265625 0.05 0.034375
0 0.2203125 0.9 0.03125 0.046875
0 0.24921875 0.52734375 0.0578125 0.0359375
0 0.8125 0.6796875 0.23125 0.340625