0 0.1546875 0.40625 0.309375 0.40625
0 0.88046875 0.2875 0.0671875 0.053125
0 0.90546875 0.5796875 0.0671875 0.053125
0 0.56640625 0.28125 0.0671875 0.053125
0 0.58203125 0.56640625 0.0671875 0.0515625
0 0.32578125 0.57265625 0.0328125 0.0515625
0 0.3265625 0.28671875 0.034375 0.0515625
0 0.52734375 0.92890625 0.1609375 0.1421875
0 0.9234375 0.9546875 0.153125 0.090625
0 0.784375 0.89140625 0.159375 0.2140625
0 0.63203125 0.7578125 0.1609375 0.2125
0 0.89609375 0.70390625 0.1609375 0.1890625
0 0.98203125 0.8375 0.0359375 0.2125