0 0.08359375 0.01328125 0.0671875 0.0265625
0 0.05859375 0.2359375 0.0671875 0.053125
0 0.39765625 0.01328125 0.0671875 0.0265625
0 0.38203125 0.22265625 0.0671875 0.0515625
0 0.8625 0.0609375 0.053125 0.0875
0 0.6859375 0.0734375 0.05 0.08125
0 0.528125 0.0640625 0.05 0.078125
0 0.5265625 0.01953125 0.05 0.0390625
0 0.540625 0.01953125 0.05 0.0390625
0 0.6828125 0.01953125 0.05 0.0390625
0 0.6875 0.01953125 0.05 0.0390625
0 0.8390625 0.01953125 0.05 0.0390625
0 0.85078125 0.02109375 0.0515625 0.0421875
0 0.053125 0.93984375 0.10625 0.0859375
0 0.290625 0.93671875 0.215625 0.0796875
0 0.175 0.65546875 0.225 0.0765625
0 0.02890625 0.65 0.0578125 0.075
0 0.39765625 0.4171875 0.1046875 0.071875
0 0.0953125 0.4046875 0.190625 0.065625
0 0.04921875 0.37890625 0.0984375 0.0203125
0 0.35234375 0.38359375 0.1953125 0.0296875
0 0.725 0.684375 0.55 0.63125