0 0.33828125 0.11484375 0.0953125 0.0671875
0 0.34375 0.29375 0.0875 0.053125
0 0.35625 0.46875 0.08125 0.05
0 0.1921875 0.471875 0.078125 0.05
0 0.04375 0.4671875 0.078125 0.05
0 0.03515625 0.315625 0.0703125 0.05
0 0.1796875 0.30390625 0.084375 0.0515625
0 0.171875 0.12421875 0.08125 0.0609375
0 0.028125 0.1390625 0.05625 0.0625
0 0.57578125 0.25703125 0.0328125 0.0515625
0 0.6484375 0.25625 0.06875 0.053125
0 0.9640625 0.27109375 0.06875 0.0515625
0 0.2546875 0.96015625 0.14375 0.0796875
0 0.04140625 0.93359375 0.0828125 0.1328125
0 0.03984375 0.759375 0.0796875 0.2125
0 0.11484375 0.89453125 0.1609375 0.2109375
0 0.36484375 0.8109375 0.1609375 0.2125
0 0.221875 0.68671875 0.159375 0.2140625
0 0.075 0.5890625 0.15 0.140625
0 0.33359375 0.571875 0.1609375 0.10625
0 0.48046875 0.6328125 0.1578125 0.2125
0 0.5984375 0.5578125 0.078125 0.078125
0 0.6046875 0.54765625 0.090625 0.0578125
0 0.596875 0.54921875 0.075 0.0609375
0 0.68125 0.54609375 0.090625 0.0546875
0 0.71796875 0.54765625 0.1296875 0.0578125
0 0.6171875 0.54296875 0.109375 0.0484375
0 0.5921875 0.58671875 0.065625 0.1265625
0 0.60546875 0.865625 0.0921875 0.115625
0 0.58671875 0.765625 0.0546875 0.109375
0 0.7046875 0.6125 0.0875 0.09375
0 0.96484375 0.54453125 0.0703125 0.0515625
0 0.871875 0.5421875 0.046875 0.046875
0 0.81328125 0.5390625 0.1234375 0.040625
0 0.8015625 0.5515625 0.09375 0.065625
0 0.921875 0.54375 0.075 0.05
0 0.97109375 0.5546875 0.0578125 0.071875
0 0.934375 0.62421875 0.09375 0.0734375
0 0.784375 0.665625 0.090625 0.1125
0 0.915625 0.71875 0.134375 0.09375
0 0.828125 0.8203125 0.090625 0.121875
0 0.75 0.9625 0.1375 0.075