0 0.234375 0.259375 0.46875 0.51875
0 0.715625 0.3078125 0.49375 0.421875
0 0.14609375 0.6546875 0.2921875 0.271875
0 0.95 0.8453125 0.05625 0.0875
0 0.84609375 0.8421875 0.0578125 0.071875
0 0.7359375 0.83359375 0.0375 0.0453125
0 0.64375 0.82890625 0.046875 0.0578125
0 0.54296875 0.815625 0.0390625 0.053125
0 0.4765625 0.7875 0.015625 0.046875
0 0.95 0.6640625 0.05 0.05625
0 0.84609375 0.66875 0.0578125 0.065625
0 0.628125 0.65078125 0.03125 0.0515625
0 0.5296875 0.62734375 0.05 0.0578125
0 0.47890625 0.609375 0.0203125 0.0625
0 0.95234375 0.5328125 0.0453125 0.028125
0 0.8484375 0.53359375 0.046875 0.0296875
0 0.73984375 0.53125 0.0390625 0.025
0 0.64375 0.540625 0.053125 0.04375
0 0.54296875 0.534375 0.0453125 0.03125
0 0.4796875 0.53359375 0.021875 0.0296875
0 0.940625 0.53125 0.0375 0.025
0 0.840625 0.53125 0.0375 0.025
0 0.74375 0.53125 0.0375 0.025
0 0.6375 0.5328125 0.04375 0.028125
0 0.54296875 0.53125 0.0390625 0.025
0 0.47890625 0.5328125 0.0203125 0.028125
0 0.96953125 0.5328125 0.0421875 0.028125
0 0.8609375 0.5296875 0.034375 0.021875
0 0.5640625 0.53046875 0.040625 0.0234375
0 0.66875 0.5359375 0.05 0.034375
0 0.74375 0.653125 0.03125 0.046875
0 0.77265625 0.53671875 0.0578125 0.0359375