0 0.0328125 0.46328125 0.065625 0.0515625
0 0.02421875 0.175 0.0484375 0.053125
0 0.01640625 0.01328125 0.0328125 0.0265625
0 0.34375 0.4640625 0.06875 0.053125
0 0.3296875 0.17265625 0.06875 0.0515625
0 0.31953125 0.01328125 0.0671875 0.0265625
0 0.41640625 0.39609375 0.0328125 0.0515625
0 0.4171875 0.1078125 0.034375 0.053125
0 0.41640625 0.01328125 0.0328125 0.0265625
0 0.553125 0.396875 0.06875 0.053125
0 0.5390625 0.10546875 0.06875 0.0515625
0 0.52890625 0.01328125 0.0671875 0.0265625
0 0.840625 0.01328125 0.06875 0.0265625
0 0.8578125 0.09453125 0.06875 0.0515625
0 0.86875 0.38203125 0.06875 0.0515625
0 0.01328125 0.8203125 0.0265625 0.06875
0 0.12109375 0.834375 0.0515625 0.06875
0 0.39453125 0.84453125 0.0109375 0.0671875
0 0.13203125 0.6765625 0.0515625 0.034375
0 0.0125 0.6765625 0.025 0.034375
0 0.7 0.8296875 0.6 0.340625