0 0.01640625 0.25078125 0.0328125 0.0515625
0 0.0171875 0.01328125 0.034375 0.0265625
0 0.01640625 0.01328125 0.0328125 0.0265625
0 0.1953125 0.2515625 0.06875 0.053125
0 0.18125 0.0125 0.06875 0.025
0 0.17109375 0.01328125 0.0671875 0.0265625
0 0.4828125 0.01328125 0.06875 0.0265625
0 0.5 0.0125 0.06875 0.025
0 0.5109375 0.23671875 0.06875 0.0515625
0 0.78984375 0.3046875 0.4203125 0.609375
0 0.91015625 0.8546875 0.0671875 0.053125
0 0.6046875 0.8484375 0.05 0.053125
0 0.596875 0.85390625 0.034375 0.0515625