0 0.1453125 0.18203125 0.15 0.1078125
0 0.72421875 0.26796875 0.2484375 0.1421875
0 0.49140625 0.871875 0.0671875 0.053125
0 0.50703125 0.621875 0.0671875 0.025
0 0.5125 0.62265625 0.06875 0.0265625
0 0.19140625 0.62265625 0.0671875 0.0265625
0 0.18671875 0.621875 0.0671875 0.025
0 0.1796875 0.86640625 0.06875 0.0515625
0 0.86015625 0.8046875 0.0796875 0.215625
0 0.86015625 0.65625 0.0796875 0.09375
0 0.61796875 0.66796875 0.0359375 0.1171875
0 0.61875 0.90390625 0.0375 0.1921875
0 0.61796875 0.67890625 0.0359375 0.1390625
0 0.61640625 0.95234375 0.0328125 0.0953125
0 0.61484375 0.73671875 0.0296875 0.2078125
0 0.61484375 0.65234375 0.0296875 0.0859375