0 0.3234375 0.15625 0.1125 0.3125
0 0.115625 0.159375 0.228125 0.31875
0 0.05859375 0.16171875 0.1171875 0.3234375
0 0.05703125 0.1578125 0.1140625 0.315625
0 0.7234375 0.234375 0.3125 0.46875
0 0.02890625 0.5625 0.0578125 0.1
0 0.92421875 0.959375 0.1515625 0.08125
0 0.915625 0.81875 0.15 0.121875
0 0.7328125 0.9578125 0.090625 0.084375
0 0.69609375 0.821875 0.1296875 0.115625
0 0.796875 0.68203125 0.109375 0.0984375
0 0.8734375 0.58046875 0.13125 0.1265625
0 0.93125 0.49765625 0.1375 0.0578125
0 0.85546875 0.49609375 0.1109375 0.0546875
0 0.709375 0.5546875 0.0875 0.09375
0 0.44453125 0.890625 0.0796875 0.103125
0 0.5421875 0.87890625 0.046875 0.0953125
0 0.60078125 0.7453125 0.1234375 0.08125
0 0.6125 0.63125 0.09375 0.096875
0 0.4921875 0.74765625 0.075 0.1015625
0 0.4421875 0.6140625 0.059375 0.075
0 0.4796875 0.54296875 0.09375 0.0734375
0 0.6296875 0.51328125 0.090625 0.0890625
0 0.4984375 0.4921875 0.134375 0.046875
0 0.5859375 0.49921875 0.090625 0.0609375
0 0.6640625 0.4875 0.1375 0.0375