0 0.275 0.175 0.55 0.35
0 0.91484375 0.32421875 0.1484375 0.0515625
0 0.0078125 0.4109375 0.015625 0.06875
0 0.00859375 0.496875 0.0171875 0.0625
0 0.009375 0.58125 0.01875 0.075
0 0.009375 0.66796875 0.01875 0.0671875
0 0.00859375 0.753125 0.0171875 0.065625
0 0.009375 0.840625 0.01875 0.071875
0 0.009375 0.9296875 0.01875 0.075
0 0.009375 0.415625 0.01875 0.075
0 0.009375 0.496875 0.01875 0.075
0 0.01015625 0.58125 0.0203125 0.075
0 0.009375 0.671875 0.01875 0.071875
0 0.009375 0.75625 0.01875 0.071875
0 0.009375 0.84296875 0.01875 0.0703125
0 0.009375 0.9296875 0.01875 0.06875
0 0.1125 0.41484375 0.0375 0.0734375
0 0.109375 0.5015625 0.0375 0.06875
0 0.1078125 0.5859375 0.0375 0.06875
0 0.10546875 0.6703125 0.0359375 0.06875
0 0.10390625 0.7546875 0.0359375 0.06875
0 0.1015625 0.84375 0.0375 0.06875
0 0.1 0.93125 0.0375 0.06875
0 0.096875 0.99296875 0.0375 0.0140625
0 0.26328125 0.41953125 0.0359375 0.0671875
0 0.26328125 0.5015625 0.0359375 0.06875
0 0.26171875 0.58359375 0.0359375 0.0671875
0 0.26171875 0.675 0.0359375 0.06875
0 0.26015625 0.759375 0.0359375 0.06875
0 0.2578125 0.84375 0.0375 0.06875
0 0.25625 0.93359375 0.0375 0.0671875
0 0.2546875 0.99140625 0.0375 0.0171875
0 0.4140625 0.934375 0.040625 0.071875
0 0.4140625 0.84921875 0.040625 0.0734375
0 0.4140625 0.759375 0.040625 0.071875
0 0.415625 0.675 0.040625 0.071875
0 0.415625 0.590625 0.040625 0.071875
0 0.4171875 0.50390625 0.040625 0.0734375
0 0.41953125 0.41953125 0.0390625 0.0734375
0 0.715625 0.50625 0.33125 0.3125