0 0.45234375 0.359375 0.1578125 0.15625
0 0.2796875 0.54765625 0.18125 0.0421875
0 0.25625 0.4265625 0.15 0.121875
0 0.0734375 0.54609375 0.090625 0.0453125
0 0.05078125 0.4296875 0.1015625 0.115625
0 0.1375 0.28984375 0.109375 0.0984375
0 0.2140625 0.18828125 0.13125 0.1265625
0 0.29609375 0.02890625 0.1859375 0.0578125
0 0.19609375 0.03125 0.1109375 0.0625
0 0.05 0.1625 0.0875 0.09375
0 0.01953125 0.4984375 0.0390625 0.103125
0 0.01171875 0.48671875 0.0234375 0.0953125
0 0.03046875 0.353125 0.0609375 0.08125
0 0.0234375 0.2390625 0.046875 0.096875
0 0.01875 0.35546875 0.0375 0.1015625
0 0.01484375 0.2203125 0.0296875 0.075
0 0.0234375 0.15078125 0.046875 0.0734375
0 0.02265625 0.109375 0.0453125 0.1125
0 0.03359375 0.05625 0.0671875 0.09375
0 0.02265625 0.03046875 0.0453125 0.0609375
0 0.03671875 0.01875 0.0734375 0.0375
0 0.78984375 0.284375 0.4203125 0.56875
0 0.28984375 0.784375 0.5796875 0.43125
0 0.78984375 0.784375 0.4203125 0.43125