0 0.225 0.159375 0.45 0.31875
0 0.725 0.159375 0.55 0.31875
0 0.01328125 0.96953125 0.0265625 0.0609375
0 0.2109375 0.98203125 0.053125 0.0359375
0 0.01328125 0.65859375 0.0265625 0.0671875
0 0.19765625 0.67421875 0.0515625 0.0671875
0 0.20390625 0.35390625 0.0515625 0.0671875
0 0.0125 0.35 0.025 0.0625
0 0.98671875 0.75078125 0.0265625 0.0671875
0 0.71484375 0.76640625 0.0515625 0.0671875
0 0.46328125 0.771875 0.0265625 0.06875
0 0.46328125 0.45078125 0.0265625 0.0671875
0 0.70859375 0.44609375 0.0515625 0.0671875
0 0.984375 0.4390625 0.03125 0.06875