0 0.734375 0.2 0.53125 0.4
0 0.02890625 0.9078125 0.0578125 0.18125
0 0.03046875 0.884375 0.0609375 0.15
0 0.02734375 0.7015625 0.0546875 0.090625
0 0.02890625 0.66484375 0.0578125 0.1296875
0 0.02421875 0.765625 0.0484375 0.109375
0 0.04765625 0.8421875 0.0953125 0.13125
0 0.3109375 0.915625 0.115625 0.16875
0 0.2125 0.82421875 0.109375 0.1109375
0 0.0578125 0.678125 0.09375 0.0875
0 0.02578125 0.4265625 0.0515625 0.053125
0 0.0234375 0.5109375 0.046875 0.046875
0 0.0203125 0.56953125 0.040625 0.1234375
0 0.02421875 0.58125 0.0484375 0.09375
0 0.025 0.4609375 0.05 0.075
0 0.01875 0.4203125 0.0375 0.040625
0 0.06953125 0.4484375 0.0734375 0.09375
0 0.1109375 0.5984375 0.1125 0.090625
0 0.1640625 0.4671875 0.09375 0.134375
0 0.265625 0.5546875 0.121875 0.090625
0 0.4078125 0.6328125 0.075 0.1375