0 0.80078125 0.6375 0.1578125 0.15625
0 0.628125 0.8625 0.18125 0.115625
0 0.6046875 0.7046875 0.15 0.121875
0 0.421875 0.85703125 0.090625 0.1109375
0 0.38515625 0.7078125 0.1296875 0.115625
0 0.4859375 0.56796875 0.109375 0.0984375
0 0.5625 0.46640625 0.13125 0.1265625
0 0.64453125 0.1875 0.1859375 0.115625
0 0.54453125 0.2875 0.1109375 0.109375
0 0.3984375 0.440625 0.0875 0.09375
0 0.13359375 0.7765625 0.0796875 0.103125
0 0.23125 0.76484375 0.046875 0.0953125
0 0.28984375 0.63125 0.1234375 0.08125
0 0.3015625 0.5171875 0.09375 0.096875
0 0.18125 0.63359375 0.075 0.1015625
0 0.13125 0.5 0.059375 0.075
0 0.16875 0.42890625 0.09375 0.0734375
0 0.31875 0.3875 0.090625 0.1125
0 0.1875 0.334375 0.134375 0.09375
0 0.275 0.2328125 0.090625 0.121875
0 0.353125 0.0921875 0.1375 0.075