0 0.23515625 0.40234375 0.4203125 0.1140625
0 0.08046875 0.47421875 0.0421875 0.0296875
0 0.2421875 0.47578125 0.046875 0.0328125
0 0.40859375 0.47421875 0.0453125 0.0296875
0 0.5671875 0.475 0.05 0.03125
0 0.72265625 0.47265625 0.0390625 0.0265625
0 0.7265625 0.625 0.04375 0.05625
0 0.5703125 0.61953125 0.04375 0.0609375
0 0.40546875 0.61328125 0.0453125 0.0640625
0 0.2375 0.61171875 0.05 0.0609375
0 0.07734375 0.615625 0.0484375 0.059375
0 0.08046875 0.803125 0.0421875 0.059375
0 0.2453125 0.80546875 0.046875 0.0640625
0 0.41171875 0.8015625 0.0390625 0.05625
0 0.57578125 0.803125 0.0421875 0.059375
0 0.728125 0.81171875 0.040625 0.0609375
0 0.7296875 0.98046875 0.0375 0.0390625
0 0.57734375 0.97890625 0.0390625 0.0421875
0 0.41640625 0.98046875 0.0421875 0.0390625
0 0.25625 0.9828125 0.04375 0.034375
0 0.09296875 0.9828125 0.0421875 0.034375
0 0.81484375 0.68984375 0.0515625 0.2015625