0 0.35546875 0.1296875 0.5265625 0.259375
0 0.978125 0.4171875 0.04375 0.121875
0 0.8484375 0.5265625 0.090625 0.025
0 0.81171875 0.4203125 0.1296875 0.115625
0 0.9125 0.28046875 0.109375 0.0984375
0 0.96171875 0.17890625 0.0765625 0.1265625
0 0.9578125 0.02734375 0.084375 0.0546875
0 0.825 0.153125 0.0875 0.09375
0 0.63828125 0.48828125 0.0390625 0.1015625
0 0.6578125 0.47734375 0.046875 0.0953125
0 0.71640625 0.34375 0.1234375 0.08125
0 0.728125 0.2296875 0.09375 0.096875
0 0.6375 0.34609375 0.0375 0.1015625
0 0.63359375 0.2109375 0.0296875 0.075
0 0.6421875 0.14140625 0.046875 0.0734375
0 0.7453125 0.1 0.090625 0.1125
0 0.65234375 0.046875 0.0671875 0.09375
0 0.7015625 0.03046875 0.090625 0.0609375
0 0.7796875 0.01875 0.1375 0.0375
0 0.26171875 0.78515625 0.5234375 0.4296875
0 0.69765625 0.5640625 0.0515625 0.05
0 0.9796875 0.55625 0.040625 0.034375
0 0.696875 0.8671875 0.053125 0.06875
0 0.98125 0.853125 0.0375 0.06875