0 0.26484375 0.275 0.5296875 0.55
0 0.7765625 0.06171875 0.071875 0.1234375
0 0.77109375 0.3984375 0.0765625 0.225
0 0.54921875 0.125 0.0390625 0.203125
0 0.54609375 0.46640625 0.0328125 0.1671875
0 0.54453125 0.21484375 0.0296875 0.2078125
0 0.54453125 0.04296875 0.0296875 0.0859375
0 0.08828125 0.70859375 0.0671875 0.0515625
0 0.0703125 0.56328125 0.06875 0.0265625
0 0.05390625 0.56328125 0.0671875 0.0265625
0 0.4 0.709375 0.06875 0.053125
0 0.3859375 0.5625 0.06875 0.025
0 0.37578125 0.56328125 0.0671875 0.0265625
0 0.76484375 0.775 0.4703125 0.45