0 0.09921875 0.0875 0.1984375 0.175
0 0.8046875 0.21484375 0.390625 0.4296875
0 0.06875 0.571875 0.1375 0.178125
0 0.30703125 0.509375 0.1421875 0.159375
0 0.165625 0.47421875 0.14375 0.0890625
0 0.5453125 0.4765625 0.128125 0.09375
0 0.40234375 0.47421875 0.1421875 0.0890625
0 0.4609375 0.61796875 0.165625 0.1921875
0 0.35546875 0.821875 0.1609375 0.2125
0 0.20546875 0.6859375 0.1609375 0.2125
0 0.03984375 0.7703125 0.0796875 0.2125
0 0.0984375 0.89375 0.159375 0.2125
0 0.25078125 0.9609375 0.1609375 0.078125
0 0.03984375 0.92109375 0.0796875 0.1578125
0 0.62734375 0.4453125 0.0359375 0.03125