0 0.15 0.4078125 0.184375 0.1125
0 0.2109375 0.03203125 0.20625 0.0640625
0 0.4984375 0.0328125 0.1625 0.065625
0 0.4421875 0.41953125 0.2 0.1171875
0 0.78984375 0.3 0.4203125 0.6
0 0.51796875 0.61640625 0.0953125 0.0328125
0 0.5234375 0.646875 0.0875 0.053125
0 0.5359375 0.821875 0.08125 0.05
0 0.525 0.97734375 0.078125 0.0453125
0 0.3828125 0.97734375 0.078125 0.0453125
0 0.234375 0.9671875 0.078125 0.05
0 0.371875 0.825 0.078125 0.05
0 0.2234375 0.8203125 0.078125 0.05
0 0.2109375 0.66875 0.078125 0.05
0 0.359375 0.65703125 0.084375 0.0515625
0 0.3515625 0.61484375 0.08125 0.0296875
0 0.1953125 0.615625 0.08125 0.03125
0 0.66640625 0.63515625 0.1734375 0.0703125