0 0.01953125 0.396875 0.0390625 0.1375
0 0.034375 0.43125 0.06875 0.1375
0 0.2625 0.4671875 0.08125 0.15
0 0.5078125 0.4734375 0.09375 0.15625
0 0.01953125 0.1328125 0.0390625 0.14375
0 0.0359375 0.165625 0.071875 0.153125
0 0.2765625 0.1828125 0.084375 0.15625
0 0.5234375 0.19296875 0.09375 0.1671875
0 0.01640625 0.04296875 0.0328125 0.0859375
0 0.0359375 0.0453125 0.071875 0.090625
0 0.2796875 0.04609375 0.096875 0.0921875
0 0.54453125 0.05 0.1046875 0.1
0 0.8671875 0.5625 0.265625 0.075
0 0.6015625 0.62265625 0.05625 0.0453125
0 0.0890625 0.6125 0.075 0.025
0 0.40546875 0.6140625 0.0796875 0.028125
0 0.384375 0.64296875 0.134375 0.0859375
0 0.01953125 0.61171875 0.0390625 0.0234375
0 0.02890625 0.6125 0.0578125 0.025
0 0.1390625 0.628125 0.090625 0.05625
0 0.02421875 0.82578125 0.0484375 0.0640625
0 0.1265625 0.80625 0.11875 0.075
0 0.33671875 0.87421875 0.1640625 0.1828125
0 0.85078125 0.64921875 0.2640625 0.0984375