0 0.3984375 0.0234375 0.046875 0.046875
0 0.203125 0.02109375 0.04375 0.0421875
0 0.3984375 0.1171875 0.046875 0.08125
0 0.20390625 0.1125 0.0484375 0.096875
0 0.55078125 0.27734375 0.0171875 0.0984375
0 0.3890625 0.2921875 0.046875 0.096875
0 0.20703125 0.309375 0.0484375 0.096875
0 0.38984375 0.45234375 0.0515625 0.0546875
0 0.2078125 0.4625 0.046875 0.034375
0 0.61171875 0.15625 0.1046875 0.13125
0 0.2796875 0.73984375 0.559375 0.5203125
0 0.58203125 0.496875 0.0453125 0.034375
0 0.8671875 0.496875 0.05625 0.034375
0 0.85625 0.55390625 0.05625 0.0703125
0 0.5796875 0.56796875 0.040625 0.0703125
0 0.58125 0.8765625 0.04375 0.071875
0 0.86171875 0.87734375 0.0546875 0.0703125