0 0.3296875 0.3296875 0.659375 0.659375
0 0.8296875 0.3296875 0.340625 0.659375
0 0.0078125 0.6765625 0.015625 0.034375
0 0.00859375 0.675 0.0171875 0.03125
0 0.009375 0.678125 0.01875 0.0375
0 0.009375 0.67578125 0.01875 0.0328125
0 0.00859375 0.67578125 0.0171875 0.0328125
0 0.009375 0.69375 0.01875 0.06875
0 0.009375 0.78125 0.01875 0.075
0 0.01015625 0.871875 0.0203125 0.071875
0 0.009375 0.95625 0.01875 0.071875
0 0.05078125 0.678125 0.0390625 0.0375
0 0.04921875 0.678125 0.0390625 0.0375
0 0.046875 0.678125 0.040625 0.0375
0 0.0421875 0.67734375 0.0375 0.0359375
0 0.04296875 0.67734375 0.0390625 0.0359375
0 0.040625 0.69453125 0.0375 0.0703125
0 0.03671875 0.78125 0.0390625 0.06875
0 0.03359375 0.86796875 0.0390625 0.0703125
0 0.03203125 0.96015625 0.0390625 0.0703125
0 0.2046875 0.67734375 0.0375 0.0359375
0 0.2015625 0.6765625 0.0375 0.034375
0 0.2 0.6765625 0.0375 0.034375
0 0.19765625 0.6765625 0.0359375 0.034375
0 0.19609375 0.6765625 0.0359375 0.034375
0 0.19375 0.6953125 0.0375 0.06875
0 0.1921875 0.7828125 0.0375 0.06875
0 0.1890625 0.871875 0.0375 0.06875
0 0.18671875 0.96328125 0.0359375 0.0671875
0 0.35546875 0.67578125 0.0359375 0.0328125
0 0.35546875 0.6765625 0.0359375 0.034375
0 0.35390625 0.67578125 0.0359375 0.0328125
0 0.35390625 0.6765625 0.0359375 0.034375
0 0.35234375 0.6765625 0.0359375 0.034375
0 0.35 0.6953125 0.0375 0.06875
0 0.3484375 0.78515625 0.0375 0.0671875
0 0.346875 0.8734375 0.0375 0.075
0 0.34609375 0.9625 0.0359375 0.075
0 0.50390625 0.96484375 0.0390625 0.0703125
0 0.50546875 0.875 0.0390625 0.06875
0 0.50625 0.7859375 0.040625 0.071875
0 0.50625 0.70078125 0.040625 0.0734375
0 0.50625 0.67734375 0.040625 0.0359375
0 0.5078125 0.67734375 0.040625 0.0359375
0 0.5078125 0.67734375 0.040625 0.0359375
0 0.509375 0.67734375 0.040625 0.0359375
0 0.51171875 0.67734375 0.0390625 0.0359375
0 0.8296875 0.8296875 0.340625 0.340625