0 0.8796875 0.471875 0.0875 0.059375
0 0.8796875 0.2234375 0.0875 0.0625
0 0.88984375 0.0140625 0.0765625 0.028125
0 0.6296875 0.0140625 0.08125 0.028125
0 0.60078125 0.225 0.0765625 0.059375
0 0.61640625 0.471875 0.0765625 0.059375
0 0.209375 0.7546875 0.41875 0.490625
0 0.99140625 0.759375 0.0171875 0.06875
0 0.71796875 0.7734375 0.0515625 0.06875
0 0.434375 0.78359375 0.03125 0.0671875
0 0.43203125 0.5265625 0.0265625 0.034375
0 0.70703125 0.5265625 0.0515625 0.034375
0 0.984375 0.5265625 0.03125 0.034375