0 0.3546875 0.0140625 0.109375 0.028125
0 0.3671875 0.01875 0.134375 0.0375
0 0.3625 0.08125 0.153125 0.09375
0 0.35625 0.3265625 0.184375 0.121875
0 0.6375 0.01015625 0.0375 0.0203125
0 0.6375 0.05625 0.0375 0.046875
0 0.6421875 0.2328125 0.046875 0.046875
0 0.63984375 0.428125 0.0421875 0.04375
0 0.64140625 0.01171875 0.0453125 0.0234375
0 0.6390625 0.0578125 0.040625 0.04375
0 0.6390625 0.2328125 0.040625 0.046875
0 0.64296875 0.42734375 0.0484375 0.0484375
0 0.6390625 0.0125 0.040625 0.025
0 0.64296875 0.06484375 0.0484375 0.0484375
0 0.64296875 0.2421875 0.0484375 0.046875
0 0.64296875 0.42421875 0.0484375 0.0484375
0 0.76875 0.01171875 0.109375 0.0234375
0 0.759375 0.0578125 0.090625 0.046875
0 0.7671875 0.24140625 0.0875 0.0515625
0 0.79140625 0.4234375 0.0984375 0.046875
0 0.940625 0.01171875 0.1 0.0234375
0 0.93671875 0.06640625 0.0984375 0.0515625
0 0.94296875 0.24453125 0.0953125 0.0453125
0 0.9640625 0.42578125 0.071875 0.0484375
0 0.2765625 0.69296875 0.234375 0.2578125
0 0.809375 0.846875 0.38125 0.30625