0 0.44453125 0.04453125 0.0703125 0.0890625
0 0.3203125 0.3921875 0.1 0.15625
0 0.51953125 0.27890625 0.0796875 0.1046875
0 0.50703125 0.5390625 0.0546875 0.040625
0 0.50234375 0.01953125 0.0453125 0.0390625
0 0.69375 0.36484375 0.134375 0.0890625
0 0.9390625 0.38359375 0.090625 0.0671875
0 0.94609375 0.2 0.1078125 0.075
0 0.96015625 0.01640625 0.0796875 0.0328125
0 0.74140625 0.13203125 0.1640625 0.1828125
0 0.746875 0.02109375 0.134375 0.0421875
0 0.23359375 0.57578125 0.0953125 0.0328125
0 0.228125 0.57265625 0.0875 0.0265625
0 0.215625 0.7109375 0.08125 0.05
0 0.2265625 0.86875 0.078125 0.05
0 0.36875 0.8703125 0.078125 0.05
0 0.38125 0.7140625 0.078125 0.05
0 0.3921875 0.571875 0.084375 0.025
0 0.4 0.57421875 0.08125 0.0296875
0 0.73984375 0.7796875 0.5203125 0.440625