0 0.17265625 0.13828125 0.2265625 0.2765625
0 0.74453125 0.36953125 0.5109375 0.7390625
0 0.3234375 0.7609375 0.053125 0.04375
0 0.1484375 0.759375 0.05 0.040625
0 0.0125 0.75859375 0.025 0.0390625
0 0.0125 0.771875 0.025 0.065625
0 0.0140625 0.9140625 0.028125 0.078125
0 0.1453125 0.77734375 0.05 0.0765625
0 0.15 0.925 0.05 0.078125
0 0.3015625 0.9375 0.05 0.078125
0 0.31328125 0.7890625 0.0515625 0.084375
0 0.47578125 0.796875 0.0265625 0.08125
0 0.46796875 0.953125 0.0421875 0.08125
0 0.82421875 0.81875 0.1421875 0.159375
0 0.946875 0.915625 0.10625 0.16875
0 0.57890625 0.87265625 0.1421875 0.1796875
0 0.72890625 0.94296875 0.1421875 0.1140625
0 0.6703125 0.78671875 0.165625 0.0953125
0 0.77578125 0.7921875 0.1609375 0.10625
0 0.92265625 0.7921875 0.1546875 0.10625
0 0.88046875 0.7921875 0.1609375 0.10625