0 0.27421875 0.42109375 0.5484375 0.7578125
0 0.64140625 0.65390625 0.0234375 0.0578125
0 0.640625 0.65390625 0.021875 0.0578125
0 0.80546875 0.6515625 0.0453125 0.0625
0 0.9875 0.6515625 0.025 0.0625
0 0.9890625 0.525 0.021875 0.0625
0 0.809375 0.52265625 0.046875 0.0578125
0 0.6421875 0.52734375 0.025 0.0578125
0 0.63984375 0.51953125 0.0203125 0.0515625
0 0.63984375 0.39609375 0.0203125 0.0578125
0 0.64375 0.4015625 0.028125 0.06875
0 0.81640625 0.39296875 0.0515625 0.0640625
0 0.9875 0.38046875 0.025 0.0578125
0 0.98671875 0.24609375 0.0265625 0.0640625
0 0.9890625 0.11171875 0.021875 0.0578125
0 0.81640625 0.1328125 0.0453125 0.05625
0 0.8125 0.2640625 0.046875 0.06875
0 0.640625 0.26953125 0.021875 0.0578125
0 0.63984375 0.2671875 0.0203125 0.053125
0 0.64140625 0.13515625 0.0234375 0.0640625
0 0.64609375 0.14296875 0.0328125 0.0578125
0 0.3046875 0.84609375 0.159375 0.0859375