0 0.278125 0.696875 0.071875 0.05
0 0.2453125 0.6 0.0875 0.05625
0 0.2484375 0.49609375 0.071875 0.0578125
0 0.25546875 0.3859375 0.0453125 0.0375
0 0.26015625 0.29375 0.0578125 0.046875
0 0.2734375 0.19296875 0.053125 0.0390625
0 0.3015625 0.096875 0.046875 0.03125
0 0.45390625 0.7015625 0.0421875 0.034375
0 0.425 0.6 0.05625 0.05
0 0.4203125 0.49609375 0.065625 0.0578125
0 0.43828125 0.278125 0.0515625 0.03125
0 0.46171875 0.1796875 0.0578125 0.05
0 0.4796875 0.0671875 0.0625 0.040625
0 0.63125 0.7015625 0.05625 0.05
0 0.5953125 0.60234375 0.05625 0.0453125
0 0.59765625 0.4984375 0.0609375 0.046875
0 0.59765625 0.38984375 0.0515625 0.0390625
0 0.6015625 0.29375 0.0875 0.053125
0 0.634375 0.19296875 0.0625 0.0453125
0 0.64921875 0.09296875 0.0609375 0.0453125
0 0.79375 0.72578125 0.05 0.0390625
0 0.76796875 0.590625 0.0515625 0.0375
0 0.78359375 0.490625 0.0515625 0.0375
0 0.778125 0.39375 0.05 0.0375
0 0.7703125 0.2875 0.05625 0.04375
0 0.79921875 0.19296875 0.0515625 0.0390625
0 0.79609375 0.09453125 0.0578125 0.0421875
0 0.97421875 0.7171875 0.0515625 0.034375
0 0.94609375 0.61953125 0.0578125 0.0421875
0 0.95078125 0.5125 0.0453125 0.034375
0 0.9765625 0.2140625 0.046875 0.040625
0 0.95625 0.31875 0.06875 0.05
0 0.4359375 0.39375 0.046875 0.03125
0 0.9484375 0.42265625 0.071875 0.0578125