0 0.403125 0.12890625 0.1625 0.1921875
0 0.85078125 0.20625 0.0671875 0.053125
0 0.8515625 0.01328125 0.06875 0.0265625
0 0.62578125 0.21953125 0.0328125 0.0515625
0 0.6265625 0.01328125 0.034375 0.0265625
0 0.62578125 0.01328125 0.0328125 0.0265625
0 0.62578125 0.21328125 0.0328125 0.0515625
0 0.2640625 0.8625 0.253125 0.240625
0 0.6265625 0.76171875 0.034375 0.0546875
0 0.6265625 0.471875 0.034375 0.05625
0 0.6265625 0.30234375 0.034375 0.0265625
0 0.64453125 0.303125 0.0703125 0.028125
0 0.65234375 0.4828125 0.0703125 0.05625
0 0.66640625 0.7671875 0.0703125 0.05625
0 0.96953125 0.76328125 0.0609375 0.0546875
0 0.9703125 0.47734375 0.059375 0.0546875
0 0.965625 0.30234375 0.06875 0.0265625