0 0.34921875 0.01640625 0.0515625 0.0328125
0 0.625 0.0171875 0.028125 0.034375
0 0.3484375 0.0359375 0.053125 0.06875
0 0.6265625 0.028125 0.025 0.05625
0 0.63203125 0.340625 0.0140625 0.06875
0 0.36328125 0.3515625 0.0515625 0.06875
0 0.81953125 0.23984375 0.3609375 0.4796875
0 0.4984375 0.9484375 0.14375 0.103125
0 0.103125 0.921875 0.165625 0.15625
0 0.20859375 0.7359375 0.1609375 0.2125
0 0.35859375 0.871875 0.1609375 0.2125
0 0.58359375 0.7875 0.1109375 0.2125
0 0.465625 0.66328125 0.159375 0.2140625
0 0.31328125 0.5578125 0.1609375 0.15625
0 0.56796875 0.5328125 0.1421875 0.10625
0 0.81953125 0.73984375 0.3609375 0.5203125