0 0.33203125 0.55078125 0.1953125 0.0578125
0 0.88984375 0.22109375 0.2203125 0.4421875
0 0.4703125 0.96953125 0.05 0.0609375
0 0.3734375 0.98203125 0.05625 0.0359375
0 0.26953125 0.984375 0.0578125 0.03125
0 0.159375 0.9875 0.0375 0.025
0 0.0671875 0.98203125 0.046875 0.0359375
0 0.009375 0.9765625 0.01875 0.046875
0 0.0078125 0.9515625 0.015625 0.046875
0 0.475 0.79921875 0.034375 0.0421875
0 0.3734375 0.828125 0.05 0.05625
0 0.26953125 0.8328125 0.0578125 0.065625
0 0.0515625 0.81484375 0.03125 0.0515625
0 0.0125 0.79140625 0.025 0.0578125
0 0.01015625 0.7734375 0.0203125 0.0625
0 0.475 0.621875 0.05 0.05625
0 0.37578125 0.6578125 0.0453125 0.05625
0 0.271875 0.65546875 0.046875 0.0609375
0 0.16328125 0.65546875 0.0390625 0.0515625
0 0.0671875 0.653125 0.053125 0.0875
0 0.0109375 0.61875 0.021875 0.0625
0 0.0109375 0.60703125 0.021875 0.0546875
0 0.49921875 0.5921875 0.0390625 0.025
0 0.3640625 0.5921875 0.0375 0.025
0 0.2640625 0.5921875 0.0375 0.025
0 0.1671875 0.5921875 0.0375 0.025
0 0.0609375 0.59375 0.04375 0.028125
0 0.009375 0.5921875 0.01875 0.025
0 0.01015625 0.59375 0.0203125 0.028125
0 0.4890625 0.5921875 0.034375 0.025
0 0.39296875 0.59375 0.0421875 0.028125
0 0.284375 0.590625 0.034375 0.021875
0 0.01015625 0.59140625 0.0203125 0.0234375
0 0.0921875 0.596875 0.05 0.034375
0 0.1671875 0.8171875 0.03125 0.046875
0 0.19609375 0.59765625 0.0578125 0.0359375
0 0.8234375 0.8421875 0.353125 0.315625