0 0.03046875 0.56953125 0.0609375 0.1203125
0 0.03046875 0.14296875 0.0609375 0.1390625
0 0.04296875 0.23359375 0.0859375 0.1359375
0 0.07578125 0.31640625 0.1515625 0.1359375
0 0.21484375 0.39140625 0.1734375 0.1359375
0 0.35234375 0.46171875 0.1734375 0.1359375
0 0.4671875 0.52421875 0.1 0.1078125
0 0.53125 0.5765625 0.1 0.10625
0 0.6125 0.603125 0.09375 0.053125
0 0.62421875 0.33125 0.0703125 0.1
0 0.56875 0.265625 0.071875 0.1
0 0.4734375 0.196875 0.13125 0.10625
0 0.346875 0.13359375 0.13125 0.1078125
0 0.2234375 0.0546875 0.13125 0.10625
0 0.0921875 0.03125 0.1625 0.0625
0 0.89140625 0.17421875 0.0671875 0.0515625
0 0.909375 0.4625 0.06875 0.053125
0 0.6765625 0.1734375 0.034375 0.053125
0 0.6765625 0.46484375 0.034375 0.0515625
0 0.6765625 0.47578125 0.034375 0.0515625
0 0.6765625 0.18828125 0.034375 0.0515625
0 0.35234375 0.79375 0.6140625 0.328125
0 0.8296875 0.81484375 0.340625 0.3703125