0 0.20625 0.0390625 0.15625 0.078125
0 0.40625 0.1296875 0.065625 0.18125
0 0.2734375 0.153125 0.121875 0.15
0 0.4046875 0.3359375 0.06875 0.090625
0 0.2765625 0.37265625 0.115625 0.1296875
0 0.13671875 0.271875 0.0984375 0.109375
0 0.04921875 0.1953125 0.0984375 0.13125
0 0.02890625 0.11328125 0.0578125 0.1859375
0 0.02734375 0.21328125 0.0546875 0.1109375
0 0.028125 0.359375 0.05625 0.0875
0 0.2 0.4375 0.08125 0.0625
0 0.0859375 0.4390625 0.096875 0.059375
0 0.028125 0.43125 0.05625 0.075
0 0.01875 0.40234375 0.0375 0.1328125
0 0.71953125 0.234375 0.5609375 0.46875
0 0.30234375 0.90078125 0.0578125 0.0828125
0 0.07109375 0.90078125 0.0578125 0.0828125
0 0.0140625 0.8953125 0.028125 0.084375
0 0.01484375 0.625 0.0296875 0.0875
0 0.06875 0.625 0.0625 0.0875
0 0.30625 0.63515625 0.05625 0.0765625
0 0.30234375 0.4890625 0.0578125 0.040625
0 0.0671875 0.4875 0.059375 0.0375
0 0.01484375 0.4875 0.0296875 0.0375
0 0.9015625 0.50625 0.196875 0.075