0 0.84453125 0.40390625 0.0921875 0.1234375
0 0.425 0.6796875 0.046875 0.075
0 0.2484375 0.6859375 0.046875 0.09375
0 0.053125 0.678125 0.04375 0.084375
0 0.4234375 0.8484375 0.04375 0.08125
0 0.2484375 0.8609375 0.046875 0.08125
0 0.05390625 0.85625 0.0484375 0.096875
0 0.41640625 0.9859375 0.0484375 0.028125
0 0.8484375 0.62265625 0.06875 0.0265625
0 0.8625 0.68046875 0.06875 0.0515625
0 0.87265625 0.97421875 0.0671875 0.0515625
0 0.5625 0.978125 0.065625 0.04375
0 0.55390625 0.69140625 0.0484375 0.0515625
0 0.5484375 0.621875 0.0375 0.025