0 0.084375 0.17578125 0.16875 0.2578125
0 0.76484375 0.2546875 0.4703125 0.509375
0 0.21484375 0.709375 0.0515625 0.115625
0 0.61171875 0.8859375 0.0421875 0.059375
0 0.7734375 0.8921875 0.046875 0.065625
0 0.93984375 0.88984375 0.0453125 0.0609375
0 0.93671875 0.69609375 0.0453125 0.0640625
0 0.76875 0.69765625 0.05 0.0609375
0 0.60859375 0.69375 0.0484375 0.059375
0 0.61171875 0.52421875 0.0421875 0.0296875
0 0.7765625 0.525 0.046875 0.03125
0 0.94296875 0.5234375 0.0390625 0.028125
0 0.94765625 0.52421875 0.0421875 0.0296875
0 0.7875 0.5234375 0.04375 0.028125
0 0.62421875 0.52421875 0.0421875 0.0296875