0 0.24609375 0.33515625 0.1453125 0.4484375
0 0.45234375 0.01953125 0.1265625 0.0390625
0 0.43515625 0.02109375 0.0921875 0.0421875
0 0.4265625 0.2359375 0.075 0.08125
0 0.428125 0.48125 0.078125 0.09375
0 0.7109375 0.01953125 0.14375 0.0390625
0 0.678125 0.02265625 0.153125 0.0453125
0 0.6609375 0.25 0.15625 0.084375
0 0.65078125 0.496875 0.1671875 0.09375
0 0.96328125 0.01640625 0.0734375 0.0328125
0 0.94765625 0.02265625 0.1046875 0.0453125
0 0.93671875 0.253125 0.1265625 0.096875
0 0.9296875 0.5125 0.140625 0.09375
0 0.01875 0.91015625 0.0375 0.0390625
0 0.01875 0.91171875 0.0375 0.0390625
0 0.02734375 0.9140625 0.0546875 0.040625
0 0.1078125 0.91875 0.071875 0.0375
0 0.1921875 0.91796875 0.071875 0.0390625
0 0.27890625 0.9203125 0.0703125 0.0375
0 0.36015625 0.92421875 0.0578125 0.0390625
0 0.01796875 0.75625 0.0359375 0.0375
0 0.0171875 0.759375 0.034375 0.0375
0 0.028125 0.7609375 0.05625 0.0375
0 0.10625 0.76328125 0.06875 0.0359375
0 0.190625 0.76484375 0.06875 0.0359375
0 0.2796875 0.7671875 0.06875 0.0375
0 0.3609375 0.76875 0.05625 0.0375
0 0.01640625 0.60546875 0.0328125 0.0359375
0 0.0171875 0.60546875 0.034375 0.0359375
0 0.0265625 0.60703125 0.053125 0.0359375
0 0.1109375 0.60703125 0.06875 0.0359375
0 0.1953125 0.60859375 0.06875 0.0359375
0 0.2796875 0.6109375 0.06875 0.0375
0 0.3625 0.6125 0.053125 0.0375
0 0.36171875 0.56953125 0.0546875 0.0203125
0 0.28515625 0.56953125 0.0734375 0.0203125
0 0.1953125 0.56953125 0.071875 0.0203125
0 0.1109375 0.56953125 0.071875 0.0203125
0 0.03125 0.56953125 0.0625 0.0203125
0 0.01796875 0.56953125 0.0359375 0.0203125
0 0.01796875 0.56875 0.0359375 0.01875
0 0.01796875 0.56953125 0.0359375 0.0203125
0 0.01796875 0.56953125 0.0359375 0.0203125
0 0.03125 0.56953125 0.0625 0.0203125
0 0.115625 0.56953125 0.071875 0.0203125
0 0.2 0.56953125 0.071875 0.0203125
0 0.2875 0.56953125 0.071875 0.0203125
0 0.36484375 0.56953125 0.0484375 0.0203125
0 0.69453125 0.7796875 0.6109375 0.440625