0 0.2171875 0.0359375 0.178125 0.071875
0 0.290625 0.23203125 0.18125 0.1421875
0 0.40390625 0.090625 0.1796875 0.14375
0 0.35546875 0.4578125 0.1796875 0.103125
0 0.434375 0.32734375 0.13125 0.1421875
0 0.17109375 0.3859375 0.1921875 0.165625
0 0.053125 0.28046875 0.10625 0.1609375
0 0.1046875 0.13046875 0.209375 0.1609375
0 0.0625 0.03984375 0.125 0.0796875
0 0.053125 0.0515625 0.10625 0.103125
0 0.053125 0.17578125 0.10625 0.1609375
0 0.053125 0.03984375 0.10625 0.0796875
0 0.053125 0.03984375 0.10625 0.0796875
0 0.75 0.2546875 0.5 0.509375
0 0.46484375 0.73515625 0.0703125 0.1203125
0 0.35078125 0.53359375 0.2234375 0.0484375
0 0.42734375 0.521875 0.1453125 0.025
0 0.75 0.7546875 0.5 0.490625