0 0.0640625 0.3046875 0.128125 0.309375
0 0.19296875 0.39921875 0.2703125 0.2203125
0 0.07734375 0.0859375 0.1546875 0.171875
0 0.3 0.13203125 0.2625 0.2640625
0 0.37890625 0.053125 0.2015625 0.10625
0 0.63984375 0.2546875 0.3203125 0.509375
0 0.23984375 0.7546875 0.4796875 0.490625
0 0.49296875 0.71953125 0.0265625 0.0671875
0 0.67265625 0.73515625 0.0515625 0.0671875
0 0.9703125 0.740625 0.053125 0.06875
0 0.97421875 0.52578125 0.0515625 0.0328125
0 0.67890625 0.52578125 0.0515625 0.0328125
0 0.4921875 0.5265625 0.025 0.034375