0 0.6578125 0.33125 0.0375 0.015625
0 0.65703125 0.1890625 0.0359375 0.0375
0 0.65625 0.1921875 0.034375 0.0375
0 0.65625 0.19375 0.034375 0.0375
0 0.65625 0.19609375 0.034375 0.0359375
0 0.65625 0.19765625 0.034375 0.0359375
0 0.65625 0.2 0.034375 0.0375
0 0.7 0.2015625 0.06875 0.0375
0 0.7890625 0.2046875 0.06875 0.0375
0 0.88046875 0.20703125 0.0671875 0.0359375
0 0.65546875 0.03828125 0.0328125 0.0359375
0 0.65625 0.03828125 0.034375 0.0359375
0 0.65546875 0.03984375 0.0328125 0.0359375
0 0.65625 0.03984375 0.034375 0.0359375
0 0.65625 0.04140625 0.034375 0.0359375
0 0.65625 0.04375 0.034375 0.0375
0 0.70234375 0.0453125 0.0671875 0.0375
0 0.790625 0.046875 0.075 0.0375
0 0.8796875 0.04765625 0.075 0.0359375
0 0.88203125 0.009375 0.0703125 0.01875
0 0.7921875 0.009375 0.06875 0.01875
0 0.703125 0.01015625 0.071875 0.0203125
0 0.65703125 0.01015625 0.0359375 0.0203125
0 0.65703125 0.01015625 0.0359375 0.0203125
0 0.65703125 0.01015625 0.0359375 0.0203125
0 0.65703125 0.01015625 0.0359375 0.0203125
0 0.65703125 0.01015625 0.0359375 0.0203125
0 0.65703125 0.009375 0.0359375 0.01875
0 0.65703125 0.01015625 0.0359375 0.0203125
0 0.65703125 0.01015625 0.0359375 0.0203125
0 0.65703125 0.01015625 0.0359375 0.0203125
0 0.65703125 0.01015625 0.0359375 0.0203125
0 0.65703125 0.01015625 0.0359375 0.0203125
0 0.65703125 0.01015625 0.0359375 0.0203125
0 0.709375 0.01015625 0.071875 0.0203125
0 0.7984375 0.01015625 0.071875 0.0203125
0 0.88046875 0.01015625 0.0734375 0.0203125
0 0.58046875 0.56953125 0.1171875 0.4609375
0 0.81953125 0.66953125 0.3609375 0.6609375