0 0.1515625 0.23046875 0.303125 0.4171875
0 0.7921875 0.19609375 0.15 0.1078125
0 0.1265625 0.58359375 0.234375 0.1203125
0 0.32265625 0.98359375 0.2234375 0.0328125
0 0.09765625 0.9734375 0.1953125 0.053125
0 0.05546875 0.58984375 0.1109375 0.1234375
0 0.040625 0.965625 0.08125 0.06875
0 0.96484375 0.6328125 0.0703125 0.1
0 0.84375 0.575 0.1375 0.1
0 0.7 0.5171875 0.1375 0.1
0 0.634375 0.47890625 0.06875 0.0796875
0 0.678125 0.4640625 0.1375 0.05
0 0.825 0.4640625 0.1375 0.05
0 0.95703125 0.4640625 0.0859375 0.05
0 0.928125 0.95078125 0.14375 0.0984375
0 0.796875 0.8921875 0.125 0.090625
0 0.6703125 0.834375 0.125 0.090625
0 0.63125 0.77265625 0.0625 0.0921875
0 0.63046875 0.978125 0.0609375 0.04375