0 0.475 0.74609375 0.053125 0.0265625
0 0.48125 0.45234375 0.053125 0.0671875
0 0.19609375 0.46796875 0.0515625 0.0671875
0 0.01328125 0.4734375 0.0265625 0.06875
0 0.01328125 0.15234375 0.0265625 0.0671875
0 0.18984375 0.14765625 0.0515625 0.0671875
0 0.47578125 0.140625 0.0515625 0.06875
0 0.52578125 0.20625 0.0328125 0.053125
0 0.52578125 0.4984375 0.0328125 0.053125
0 0.82109375 0.2 0.0671875 0.053125
0 0.80546875 0.48515625 0.0671875 0.0515625
0 0.01640625 0.77265625 0.0328125 0.0265625
0 0.01640625 0.77265625 0.0328125 0.0265625
0 0.18203125 0.77265625 0.0671875 0.0265625
0 0.16640625 0.771875 0.0671875 0.025
0 0.48125 0.771875 0.05625 0.025
0 0.484375 0.771875 0.05 0.025
0 0.91328125 0.9328125 0.0578125 0.040625
0 0.784375 0.9328125 0.053125 0.040625
0 0.65234375 0.934375 0.0640625 0.046875