1 0.43125 0.525 0.146875 0.13125
1 0.59375 0.421875 0.146875 0.13125
1 0.7359375 0.3234375 0.146875 0.128125
1 0.478125 0.2 0.134375 0.109375
1 0.8703125 0.240625 0.1125 0.10625
1 0.94453125 0.38515625 0.0890625 0.0921875
1 0.83125 0.4703125 0.0875 0.09375
1 0.69921875 0.56640625 0.1140625 0.1140625
1 0.5546875 0.6796875 0.13125 0.128125
1 0.38671875 0.80546875 0.1546875 0.1421875
1 0.240625 0.65 0.178125 0.14375
1 0.66328125 0.815625 0.1171875 0.121875
1 0.79453125 0.7046875 0.1171875 0.121875
1 0.87421875 0.8265625 0.1171875 0.121875
1 0.75234375 0.93828125 0.1171875 0.1203125
1 0.971875 0.72578125 0.053125 0.1171875
1 0.178125 0.94453125 0.1875 0.1078125