0 0.0234375 0.459375 0.046875 0.046875
0 0.02109375 0.2640625 0.0421875 0.04375
0 0.140625 0.459375 0.08125 0.046875
0 0.1359375 0.26484375 0.096875 0.0484375
0 0.315625 0.45 0.096875 0.046875
0 0.3328125 0.26796875 0.096875 0.0484375
0 0.7046875 0.25 0.590625 0.5
0 0.42578125 0.97890625 0.0328125 0.0421875
0 0.4265625 0.6953125 0.034375 0.053125
0 0.42578125 0.51328125 0.0328125 0.0265625
0 0.590625 0.97890625 0.06875 0.0421875
0 0.5765625 0.69296875 0.06875 0.0515625
0 0.56640625 0.51328125 0.0671875 0.0265625
0 0.878125 0.51328125 0.06875 0.0265625
0 0.8953125 0.68203125 0.06875 0.0515625
0 0.90625 0.96953125 0.06875 0.0515625