0 0.07890625 0.01640625 0.0953125 0.0328125
0 0.0734375 0.01328125 0.0875 0.0265625
0 0.0609375 0.1390625 0.08125 0.05
0 0.071875 0.296875 0.078125 0.05
0 0.2140625 0.2984375 0.078125 0.05
0 0.3640625 0.284375 0.078125 0.05
0 0.2265625 0.1421875 0.078125 0.05
0 0.371875 0.1375 0.075 0.05
0 0.378125 0.0125 0.0625 0.025
0 0.2375 0.0125 0.084375 0.025
0 0.2453125 0.01484375 0.08125 0.0296875
0 0.38515625 0.015625 0.0484375 0.03125
0 0.4328125 0.16015625 0.046875 0.0671875
0 0.721875 0.13515625 0.053125 0.0671875
0 0.99296875 0.134375 0.0140625 0.06875
0 0.01640625 0.74609375 0.0328125 0.0515625
0 0.0171875 0.4578125 0.034375 0.053125
0 0.01640625 0.42265625 0.0328125 0.0265625
0 0.1765625 0.746875 0.06875 0.053125
0 0.1625 0.45546875 0.06875 0.0515625
0 0.15234375 0.42265625 0.0671875 0.0265625