0 0.2796875 0.259375 0.359375 0.51875
0 0.5453125 0.140625 0.146875 0.13125
0 0.70625 0.0515625 0.146875 0.103125
0 0.85 0.03203125 0.146875 0.0640625
0 0.5921875 0.02734375 0.134375 0.0546875
0 0.9640625 0.0265625 0.071875 0.053125
0 0.9453125 0.0859375 0.0875 0.09375
0 0.81328125 0.18203125 0.1140625 0.1140625
0 0.66875 0.2953125 0.13125 0.128125
0 0.51875 0.42109375 0.11875 0.1421875
0 0.50390625 0.265625 0.0890625 0.14375
0 0.77734375 0.43125 0.1171875 0.121875
0 0.90859375 0.3203125 0.1171875 0.121875
0 0.96484375 0.440625 0.0703125 0.121875
0 0.86640625 0.50625 0.1171875 0.025
0 0.2296875 0.759375 0.459375 0.48125
0 0.7203125 0.72890625 0.075 0.1296875
0 0.625 0.55078125 0.075 0.0640625