0 0.31484375 0.1296875 0.6296875 0.259375
0 0.71484375 0.059375 0.1609375 0.11875
0 0.60546875 0.38515625 0.0484375 0.0515625
0 0.6140625 0.6734375 0.03125 0.053125
0 0.62265625 0.965625 0.0140625 0.053125
0 0.303125 0.384375 0.06875 0.053125
0 0.3171875 0.67578125 0.06875 0.0515625
0 0.32734375 0.9703125 0.0671875 0.053125
0 0.025 0.97578125 0.05 0.0484375
0 0.0171875 0.68671875 0.034375 0.0515625
0 0.0171875 0.39921875 0.034375 0.0515625
0 0.6953125 0.71171875 0.053125 0.0671875
0 0.6421875 0.72734375 0.025 0.0671875
0 0.64296875 0.7328125 0.0265625 0.06875
0 0.64296875 0.41171875 0.0265625 0.0671875
0 0.6421875 0.40703125 0.025 0.0671875
0 0.68984375 0.4 0.0515625 0.06875