0 0.26484375 0.28984375 0.5296875 0.5796875
0 0.76484375 0.28984375 0.4703125 0.5796875
0 0.5046875 0.5890625 0.05 0.01875
0 0.4265625 0.58828125 0.065625 0.0171875
0 0.340625 0.5890625 0.071875 0.01875
0 0.2515625 0.5890625 0.075 0.01875
0 0.1609375 0.58984375 0.071875 0.0203125
0 0.0765625 0.5890625 0.071875 0.01875
0 0.5015625 0.696875 0.05625 0.0375
0 0.425 0.69765625 0.071875 0.0390625
0 0.33828125 0.6953125 0.0703125 0.0375
0 0.2515625 0.69140625 0.06875 0.0390625
0 0.16484375 0.68828125 0.0703125 0.0390625
0 0.07265625 0.68671875 0.0703125 0.0390625
0 0.503125 0.85234375 0.053125 0.0359375
0 0.4265625 0.85078125 0.06875 0.0359375
0 0.3375 0.8484375 0.06875 0.0375
0 0.25 0.846875 0.06875 0.0375
0 0.1609375 0.84375 0.06875 0.0375
0 0.06953125 0.84140625 0.0671875 0.0359375
0 0.50078125 0.9953125 0.0578125 0.009375
0 0.421875 0.99453125 0.06875 0.0109375
0 0.3375 0.99296875 0.06875 0.0140625
0 0.24765625 0.9921875 0.0671875 0.015625
0 0.159375 0.99140625 0.075 0.0171875
0 0.0703125 0.99140625 0.075 0.0171875
0 0.91015625 0.6453125 0.1796875 0.13125
0 0.621875 0.6296875 0.184375 0.1