0 0.40390625 0.30390625 0.0703125 0.0546875
0 0.42890625 0.59375 0.0703125 0.05625
0 0.10546875 0.5828125 0.0703125 0.05625
0 0.09140625 0.2984375 0.0703125 0.05625
0 0.01796875 0.30234375 0.0359375 0.0546875
0 0.0171875 0.58828125 0.034375 0.0546875
0 0.56640625 0.2984375 0.0328125 0.053125
0 0.56640625 0.590625 0.0328125 0.053125
0 0.59140625 0.2921875 0.0671875 0.053125
0 0.5796875 0.57734375 0.059375 0.0515625
0 0.89609375 0.58359375 0.0671875 0.0515625
0 0.903125 0.29765625 0.06875 0.0515625
0 0.47421875 0.93359375 0.0984375 0.0484375
0 0.459375 0.75625 0.096875 0.046875
0 0.4421875 0.66171875 0.096875 0.0234375
0 0.2890625 0.940625 0.090625 0.046875
0 0.2828125 0.75703125 0.0875 0.0515625
0 0.25703125 0.66171875 0.0984375 0.0234375
0 0.11171875 0.93203125 0.0984375 0.0515625
0 0.10546875 0.75390625 0.0953125 0.0453125
0 0.07421875 0.66171875 0.0921875 0.0234375
0 0.97421875 0.88125 0.0515625 0.053125
0 0.66796875 0.8875 0.0671875 0.053125
0 0.68359375 0.6625 0.0671875 0.025
0 0.6890625 0.66328125 0.06875 0.0265625
0 0.56640625 0.66328125 0.0328125 0.0265625
0 0.56640625 0.6625 0.0328125 0.025
0 0.5671875 0.88203125 0.034375 0.0515625