0 0.65390625 0.4984375 0.1578125 0.15625
0 0.4578125 0.565625 0.15 0.121875
0 0.23828125 0.56875 0.1296875 0.115625
0 0.3390625 0.42890625 0.109375 0.0984375
0 0.415625 0.32734375 0.13125 0.1265625
0 0.49765625 0.05234375 0.1859375 0.1046875
0 0.39765625 0.1484375 0.1109375 0.109375
0 0.2515625 0.3015625 0.0875 0.09375
0 0.01953125 0.6125 0.0390625 0.053125
0 0.084375 0.60859375 0.046875 0.0609375
0 0.14296875 0.4921875 0.1234375 0.08125
0 0.1546875 0.378125 0.09375 0.096875
0 0.0359375 0.49453125 0.071875 0.1015625
0 0.01484375 0.359375 0.0296875 0.075
0 0.034375 0.28984375 0.06875 0.0734375
0 0.171875 0.2484375 0.090625 0.1125
0 0.05390625 0.1953125 0.1078125 0.09375
0 0.128125 0.09375 0.090625 0.121875
0 0.20625 0.01875 0.1375 0.0375
0 0.79609375 0.16171875 0.0328125 0.0515625
0 0.796875 0.45 0.034375 0.053125
0 0.8234375 0.1609375 0.06875 0.053125
0 0.81171875 0.45234375 0.0640625 0.0515625
0 0.30078125 0.65546875 0.0515625 0.0328125
0 0.5890625 0.65625 0.053125 0.034375
0 0.3 0.65625 0.053125 0.034375
0 0.59140625 0.65625 0.0515625 0.034375
0 0.60234375 0.834375 0.0515625 0.06875
0 0.31484375 0.8453125 0.0515625 0.06875
0 0.88984375 0.81953125 0.2203125 0.3609375