0 0.325 0.42734375 0.159375 0.0859375
0 0.55546875 0.58203125 0.0328125 0.0515625
0 0.55625 0.29375 0.034375 0.053125
0 0.55546875 0.0140625 0.0328125 0.028125
0 0.55625 0.5828125 0.034375 0.053125
0 0.55625 0.29140625 0.034375 0.0515625
0 0.55546875 0.01328125 0.0328125 0.0265625
0 0.7234375 0.01328125 0.06875 0.0265625
0 0.740625 0.28046875 0.06875 0.0515625
0 0.7515625 0.56796875 0.06875 0.0515625
0 0.3234375 0.771875 0.06875 0.053125
0 0.02109375 0.78671875 0.0421875 0.0515625
0 0.8703125 0.9578125 0.053125 0.06875
0 0.578125 0.9703125 0.053125 0.059375
0 0.86796875 0.64296875 0.0515625 0.0671875
0 0.5734375 0.65234375 0.053125 0.0671875
0 0.565625 0.6265625 0.053125 0.034375
0 0.85703125 0.6265625 0.0515625 0.034375