0 0.4140625 0.03203125 0.18125 0.0640625
0 0.61328125 0.13984375 0.1078125 0.2796875
0 0.2796875 0.63984375 0.559375 0.7203125
0 0.571875 0.45 0.025 0.071875
0 0.5734375 0.415625 0.028125 0.0875
0 0.59453125 0.4203125 0.0578125 0.071875
0 0.7046875 0.42734375 0.0375 0.0453125
0 0.796875 0.43203125 0.046875 0.0578125
0 0.89765625 0.4453125 0.0390625 0.053125
0 0.9890625 0.4734375 0.021875 0.046875
0 0.56796875 0.62578125 0.0171875 0.0421875
0 0.571875 0.596875 0.025 0.05625
0 0.59453125 0.5921875 0.0578125 0.065625
0 0.8125 0.61015625 0.03125 0.0515625
0 0.9109375 0.63359375 0.05 0.0578125
0 0.571875 0.803125 0.025 0.05625
0 0.5703125 0.7671875 0.021875 0.05625
0 0.5921875 0.76953125 0.046875 0.0609375
0 0.70078125 0.76953125 0.0390625 0.0515625
0 0.796875 0.7734375 0.053125 0.0875
0 0.89765625 0.80625 0.0453125 0.0625
0 0.9875 0.82109375 0.025 0.0609375
0 0.56875 0.965625 0.01875 0.05
0 0.56875 0.93984375 0.01875 0.0515625
0 0.6 0.95546875 0.0375 0.0515625
0 0.696875 0.95 0.0375 0.05
0 0.803125 0.9421875 0.04375 0.05625
0 0.89765625 0.97109375 0.0390625 0.0515625
0 0.9875 0.96796875 0.025 0.0578125
0 0.696875 0.6078125 0.03125 0.046875