0 0.721875 0.696875 0.071875 0.05
0 0.75625 0.6 0.0875 0.05625
0 0.753125 0.49609375 0.071875 0.0578125
0 0.74453125 0.3859375 0.0453125 0.0375
0 0.73984375 0.29375 0.0578125 0.046875
0 0.7265625 0.19296875 0.053125 0.0390625
0 0.6984375 0.096875 0.046875 0.03125
0 0.54609375 0.7015625 0.0421875 0.034375
0 0.575 0.6 0.05625 0.05
0 0.5796875 0.49609375 0.065625 0.0578125
0 0.56171875 0.278125 0.0515625 0.03125
0 0.53828125 0.1796875 0.0578125 0.05
0 0.5203125 0.0671875 0.0625 0.040625
0 0.36875 0.7015625 0.05625 0.05
0 0.4046875 0.60234375 0.05625 0.0453125
0 0.40234375 0.4984375 0.0609375 0.046875
0 0.40234375 0.38984375 0.0515625 0.0390625
0 0.4 0.29375 0.0875 0.053125
0 0.365625 0.19296875 0.0625 0.0453125
0 0.35078125 0.09296875 0.0609375 0.0453125
0 0.20625 0.72578125 0.05 0.0390625
0 0.23203125 0.590625 0.0515625 0.0375
0 0.21640625 0.490625 0.0515625 0.0375
0 0.221875 0.39375 0.05 0.0375
0 0.2296875 0.2875 0.05625 0.04375
0 0.20078125 0.19296875 0.0515625 0.0390625
0 0.20390625 0.09453125 0.0578125 0.0421875
0 0.02578125 0.7171875 0.0515625 0.034375
0 0.05390625 0.61953125 0.0578125 0.0421875
0 0.04921875 0.5125 0.0453125 0.034375
0 0.0234375 0.2140625 0.046875 0.040625
0 0.04375 0.31875 0.06875 0.05
0 0.5640625 0.39375 0.046875 0.03125
0 0.0515625 0.42265625 0.071875 0.0578125