0 0.275 0.2046875 0.55 0.409375
0 0.775 0.2046875 0.45 0.409375
0 0.0234375 0.9765625 0.046875 0.046875
0 0.01796875 0.98203125 0.0359375 0.0359375
0 0.16875 0.91328125 0.05625 0.0546875
0 0.16875 0.9875 0.053125 0.025
0 0.0171875 0.91640625 0.034375 0.0671875
0 0.021875 0.91484375 0.04375 0.0890625
0 0.01875 0.825 0.0375 0.08125
0 0.015625 0.82421875 0.03125 0.0640625
0 0.16875 0.825 0.046875 0.046875
0 0.96640625 0.509375 0.0671875 0.2
0 0.9625 0.884375 0.075 0.225
0 0.725 0.6125 0.071875 0.203125
0 0.7125 0.934375 0.065625 0.13125
0 0.56484375 0.70078125 0.0296875 0.2078125
0 0.56484375 0.45234375 0.0296875 0.0859375