0 0.04609375 0.01640625 0.0515625 0.0328125
0 0.334375 0.0171875 0.053125 0.034375
0 0.0453125 0.0171875 0.053125 0.034375
0 0.33671875 0.0171875 0.0515625 0.034375
0 0.34765625 0.265625 0.0515625 0.06875
0 0.06015625 0.2765625 0.0515625 0.06875
0 0.734375 0.25 0.53125 0.5
0 0.234375 0.75 0.46875 0.5
0 0.515625 0.93984375 0.09375 0.1078125
0 0.53671875 0.5484375 0.1359375 0.096875
0 0.575 0.53203125 0.20625 0.0640625
0 0.884375 0.5328125 0.20625 0.065625
0 0.8046875 0.55546875 0.2 0.1109375
0 0.74140625 0.9375 0.1921875 0.10625
0 0.965625 0.93671875 0.06875 0.1109375