0 0.253125 0.221875 0.253125 0.240625
0 0.66015625 0.48046875 0.0828125 0.1171875
0 0.65390625 0.378125 0.0703125 0.14375
0 0.64375 0.26640625 0.05 0.1421875
0 0.68671875 0.49296875 0.1359375 0.0921875
0 0.65234375 0.38359375 0.0671875 0.1734375
0 0.65234375 0.24609375 0.0671875 0.1734375
0 0.6453125 0.13125 0.053125 0.1
0 0.6453125 0.0671875 0.053125 0.1
0 0.6453125 0.025 0.053125 0.05
0 0.64375 0.01796875 0.05 0.0359375
0 0.64375 0.01796875 0.05 0.0359375
0 0.6703125 0.01875 0.1 0.0375
0 0.7375 0.0328125 0.1 0.065625
0 0.80625 0.125 0.10625 0.13125
0 0.86953125 0.2515625 0.1078125 0.13125
0 0.94765625 0.375 0.1046875 0.13125
0 0.19375 0.76953125 0.3875 0.4609375