0 0.48515625 0.33203125 0.0328125 0.0953125
0 0.48203125 0.3375 0.0265625 0.0875
0 0.5671875 0.35 0.05 0.08125
0 0.725 0.340625 0.05 0.078125
0 0.7265625 0.196875 0.05 0.078125
0 0.7125 0.0484375 0.05 0.078125
0 0.5703125 0.1859375 0.05 0.078125
0 0.565625 0.03828125 0.05 0.0765625
0 0.48125 0.03203125 0.025 0.0640625
0 0.48125 0.1734375 0.025 0.084375
0 0.48359375 0.165625 0.0296875 0.08125
0 0.484375 0.025 0.03125 0.05
0 0.27578125 0.74765625 0.3859375 0.4765625
0 0.7609375 0.79453125 0.478125 0.4109375