0 0.0265625 0.03984375 0.053125 0.0796875
0 0.02265625 0.02734375 0.0453125 0.0546875
0 0.315625 0.02265625 0.078125 0.0453125
0 0.0125 0.134375 0.025 0.075
0 0.0140625 0.01953125 0.028125 0.0390625
0 0.021875 0.03359375 0.04375 0.0671875
0 0.01171875 0.2796875 0.0234375 0.078125
0 0.0125 0.20078125 0.025 0.0703125
0 0.01640625 0.0828125 0.0328125 0.090625
0 0.09921875 0.2515625 0.0640625 0.096875
0 0.0796875 0.096875 0.075 0.11875
0 0.35859375 0.11328125 0.0671875 0.0953125
0 0.14765625 0.040625 0.1828125 0.08125
0 0.37578125 0.03359375 0.0859375 0.0671875
0 0.7765625 0.303125 0.153125 0.03125
0 0.35390625 0.56171875 0.1671875 0.2828125
0 0.725 0.659375 0.55 0.68125