0 0.26328125 0.16953125 0.0453125 0.0390625
0 0.26484375 0.45234375 0.0890625 0.0765625
0 0.35859375 0.27578125 0.0453125 0.0359375
0 0.62109375 0.35859375 0.0453125 0.0390625
0 0.89375 0.33515625 0.2125 0.3671875
0 0.4828125 0.684375 0.1625 0.228125
0 0.71953125 0.53359375 0.0203125 0.0296875
0 0.72109375 0.53515625 0.0234375 0.0328125
0 0.7203125 0.53359375 0.021875 0.0296875
0 0.721875 0.534375 0.025 0.03125
0 0.80859375 0.53203125 0.0390625 0.0265625
0 0.8125 0.6703125 0.04375 0.05625
0 0.7203125 0.66484375 0.021875 0.0609375
0 0.7203125 0.65859375 0.021875 0.0640625
0 0.721875 0.65703125 0.025 0.0609375
0 0.72109375 0.6609375 0.0234375 0.059375
0 0.71953125 0.8484375 0.0203125 0.059375
0 0.72109375 0.85078125 0.0234375 0.0640625
0 0.71875 0.846875 0.01875 0.05625
0 0.71953125 0.8484375 0.0203125 0.059375
0 0.8140625 0.85703125 0.040625 0.0609375