0 0.275 0.25 0.55 0.5
0 0.56875 0.42890625 0.0375 0.0390625
0 0.56875 0.43046875 0.0375 0.0390625
0 0.5734375 0.4328125 0.046875 0.040625
0 0.65 0.4375 0.071875 0.0375
0 0.734375 0.43671875 0.071875 0.0390625
0 0.82109375 0.4390625 0.0703125 0.0375
0 0.9078125 0.44296875 0.06875 0.0390625
0 0.9796875 0.44609375 0.040625 0.0390625
0 0.56796875 0.275 0.0359375 0.0375
0 0.5671875 0.278125 0.034375 0.0375
0 0.57421875 0.2796875 0.0484375 0.0375
0 0.6484375 0.28203125 0.06875 0.0359375
0 0.7328125 0.28359375 0.06875 0.0359375
0 0.821875 0.2859375 0.06875 0.0375
0 0.909375 0.2875 0.06875 0.0375
0 0.98203125 0.290625 0.0359375 0.0375
0 0.56640625 0.12421875 0.0328125 0.0359375
0 0.5671875 0.12421875 0.034375 0.0359375
0 0.57265625 0.12578125 0.0453125 0.0359375
0 0.653125 0.12578125 0.06875 0.0359375
0 0.7375 0.12734375 0.06875 0.0359375
0 0.821875 0.1296875 0.06875 0.0375
0 0.91171875 0.13125 0.0671875 0.0375
0 0.98046875 0.1328125 0.0390625 0.0375
0 0.98359375 0.009375 0.0328125 0.01875
0 0.9125 0.01015625 0.071875 0.0203125
0 0.82734375 0.01015625 0.0734375 0.0203125
0 0.7375 0.01015625 0.071875 0.0203125
0 0.653125 0.01015625 0.071875 0.0203125
0 0.57734375 0.01015625 0.0546875 0.0203125
0 0.56796875 0.01015625 0.0359375 0.0203125
0 0.56796875 0.009375 0.0359375 0.01875
0 0.56796875 0.01015625 0.0359375 0.0203125
0 0.56796875 0.01015625 0.0359375 0.0203125
0 0.57734375 0.01015625 0.0546875 0.0203125
0 0.6578125 0.01015625 0.071875 0.0203125
0 0.7421875 0.01015625 0.071875 0.0203125
0 0.8296875 0.01015625 0.071875 0.0203125
0 0.91875 0.01015625 0.071875 0.0203125
0 0.4375 0.76640625 0.225 0.4546875
0 0.5640625 0.7578125 0.028125 0.103125
0 0.609375 0.83515625 0.05 0.1015625
0 0.775 0.91484375 0.046875 0.0703125
0 0.85234375 0.79296875 0.0828125 0.1484375