0 0.03203125 0.4 0.0640625 0.18125
0 0.8734375 0.04765625 0.18125 0.0953125
0 0.01953125 0.54375 0.0390625 0.06875
0 0.0421875 0.54375 0.078125 0.06875
0 0.275 0.546875 0.08125 0.075
0 0.5203125 0.5484375 0.09375 0.078125
0 0.01953125 0.734375 0.0390625 0.14375
0 0.04375 0.7015625 0.08125 0.153125
0 0.2890625 0.684375 0.084375 0.15625
0 0.5359375 0.67421875 0.09375 0.1671875
0 0.0421875 0.959375 0.084375 0.08125
0 0.2921875 0.9484375 0.096875 0.103125
0 0.55703125 0.94140625 0.1046875 0.1171875
0 0.86953125 0.65859375 0.2609375 0.1453125
0 0.86953125 0.91796875 0.2609375 0.1109375