0 0.284375 0.26484375 0.56875 0.5296875
0 0.784375 0.26484375 0.43125 0.5296875
0 0.284375 0.76484375 0.56875 0.4703125
0 0.92734375 0.54140625 0.0578125 0.0234375
0 0.92734375 0.540625 0.0578125 0.021875
0 0.925 0.68203125 0.0625 0.0453125
0 0.925 0.87578125 0.0625 0.0484375
0 0.7984375 0.87578125 0.0625 0.0421875
0 0.79609375 0.6859375 0.0578125 0.046875
0 0.80078125 0.540625 0.0578125 0.021875
0 0.79296875 0.53984375 0.0515625 0.0203125
0 0.66953125 0.53984375 0.0578125 0.0203125
0 0.675 0.540625 0.06875 0.021875
0 0.66640625 0.69296875 0.0640625 0.0515625
0 0.65390625 0.871875 0.0578125 0.040625
0 0.584375 0.8734375 0.03125 0.046875
0 0.5828125 0.87578125 0.028125 0.0421875
0 0.5828125 0.69296875 0.028125 0.0453125
0 0.5859375 0.6890625 0.034375 0.046875
0 0.5828125 0.53984375 0.028125 0.0203125
0 0.58203125 0.53984375 0.0265625 0.0203125
0 0.584375 0.54140625 0.03125 0.0234375
0 0.5828125 0.540625 0.028125 0.021875