0 0.05859375 0.0296875 0.1171875 0.059375
0 0.0890625 0.15 0.178125 0.096875
0 0.053125 0.12734375 0.10625 0.0921875
0 0.05546875 0.03046875 0.1109375 0.0609375
0 0.040625 0.109375 0.08125 0.0875
0 0.0390625 0.3625 0.078125 0.034375
0 0.46875 0.134375 0.078125 0.15625
0 0.475 0.02890625 0.090625 0.0578125
0 0.4671875 0.0671875 0.075 0.121875
0 0.5984375 0.02734375 0.090625 0.0546875
0 0.63515625 0.0640625 0.1296875 0.115625
0 0.534375 0.20390625 0.109375 0.0984375
0 0.4765625 0.30546875 0.09375 0.1265625
0 0.621875 0.33125 0.0875 0.09375
0 0.88671875 0.02578125 0.0796875 0.0515625
0 0.7890625 0.02734375 0.046875 0.0546875
0 0.73046875 0.140625 0.1234375 0.08125
0 0.71875 0.2546875 0.09375 0.096875
0 0.8390625 0.13828125 0.075 0.1015625
0 0.8890625 0.2734375 0.059375 0.075
0 0.8515625 0.34296875 0.09375 0.0734375
0 0.7015625 0.35390625 0.090625 0.0515625
0 0.25234375 0.85859375 0.0671875 0.0859375
0 0.70625 0.68984375 0.553125 0.6203125