0 0.053125 0.46484375 0.10625 0.2703125
0 0.94375 0.009375 0.071875 0.01875
0 0.8546875 0.009375 0.075 0.01875
0 0.7640625 0.01015625 0.071875 0.0203125
0 0.6796875 0.009375 0.071875 0.01875
0 0.94140625 0.009375 0.0703125 0.01875
0 0.8546875 0.009375 0.06875 0.01875
0 0.76796875 0.009375 0.0703125 0.01875
0 0.67578125 0.009375 0.0703125 0.01875
0 0.940625 0.146875 0.06875 0.0375
0 0.853125 0.1453125 0.06875 0.0375
0 0.7640625 0.1421875 0.06875 0.0375
0 0.67265625 0.13984375 0.0671875 0.0359375
0 0.940625 0.303125 0.06875 0.0375
0 0.85078125 0.3015625 0.0671875 0.0375
0 0.7640625 0.3 0.075 0.0375
0 0.6734375 0.29921875 0.075 0.0359375
0 0.67109375 0.45703125 0.0703125 0.0390625
0 0.7609375 0.45859375 0.06875 0.0390625
0 0.85 0.459375 0.071875 0.040625
0 0.93515625 0.459375 0.0734375 0.040625
0 0.234375 0.8 0.46875 0.4
0 0.921875 0.89921875 0.15625 0.0765625