0 0.315625 0.0734375 0.046875 0.034375
0 0.2390625 0.06953125 0.071875 0.0390625
0 0.15 0.0671875 0.075 0.0375
0 0.059375 0.0640625 0.071875 0.040625
0 0.01796875 0.0609375 0.0359375 0.0375
0 0.31328125 0.23046875 0.0515625 0.0390625
0 0.23671875 0.228125 0.0703125 0.0375
0 0.15 0.22421875 0.06875 0.0390625
0 0.06328125 0.22109375 0.0703125 0.0390625
0 0.0171875 0.21953125 0.034375 0.0390625
0 0.31484375 0.38359375 0.0484375 0.0359375
0 0.2359375 0.38125 0.06875 0.0375
0 0.1484375 0.3796875 0.06875 0.0375
0 0.059375 0.3765625 0.06875 0.0375
0 0.01640625 0.37421875 0.0328125 0.0359375
0 0.3125 0.53984375 0.053125 0.0359375
0 0.2359375 0.5375 0.06875 0.0375
0 0.14609375 0.5359375 0.0671875 0.0375
0 0.059375 0.534375 0.075 0.0375
0 0.01875 0.53359375 0.0375 0.0359375
0 0.37578125 0.1859375 0.0734375 0.109375
0 0.08046875 0.66328125 0.1609375 0.1078125
0 0.2828125 0.6421875 0.1125 0.065625
0 0.92421875 0.96640625 0.1515625 0.0671875