0 0.1 0.07890625 0.2 0.1578125
0 0.72578125 0.44453125 0.0671875 0.0109375
0 0.74140625 0.18046875 0.0671875 0.0515625
0 0.746875 0.01328125 0.06875 0.0265625
0 0.434375 0.01328125 0.05 0.0265625
0 0.43203125 0.17421875 0.0453125 0.0515625
0 0.20390625 0.6546875 0.2578125 0.234375
0 0.85703125 0.46328125 0.0671875 0.0265625
0 0.88203125 0.728125 0.0671875 0.053125
0 0.54296875 0.46328125 0.0671875 0.0265625
0 0.55859375 0.71484375 0.0671875 0.0515625
0 0.5640625 0.99296875 0.06875 0.0140625
0 0.42578125 0.72109375 0.0328125 0.0515625
0 0.4265625 0.4625 0.034375 0.025