0 0.3296875 0.234375 0.61875 0.46875
0 0.81484375 0.33203125 0.3515625 0.2671875
0 0.20390625 0.665625 0.2359375 0.375
0 0.959375 0.51171875 0.0625 0.0421875
0 0.95703125 0.7015625 0.0578125 0.046875
0 0.96171875 0.878125 0.0578125 0.04375
0 0.8359375 0.875 0.06875 0.04375
0 0.82734375 0.69453125 0.0640625 0.0515625
0 0.81484375 0.515625 0.0578125 0.040625
0 0.68046875 0.5140625 0.0640625 0.046875
0 0.653125 0.51171875 0.028125 0.0421875
0 0.653125 0.69453125 0.028125 0.0453125
0 0.6984375 0.6984375 0.06875 0.046875
0 0.70390625 0.88046875 0.0578125 0.0421875
0 0.653125 0.87109375 0.028125 0.0453125