0 0.0703125 0.0140625 0.046875 0.028125
0 0.23984375 0.0140625 0.0453125 0.028125
0 0.41640625 0.015625 0.0453125 0.03125
0 0.61015625 0.015625 0.0484375 0.03125
0 0.61015625 0.015625 0.0421875 0.03125
0 0.4203125 0.0140625 0.046875 0.028125
0 0.24375 0.0140625 0.04375 0.028125
0 0.06875 0.0125 0.040625 0.025
0 0.06875 0.08046875 0.040625 0.0578125
0 0.246875 0.075 0.04375 0.06875
0 0.42734375 0.08359375 0.0515625 0.0640625
0 0.60625 0.09609375 0.040625 0.0578125
0 0.6078125 0.23046875 0.046875 0.0640625
0 0.61015625 0.3578125 0.0421875 0.04375
0 0.42734375 0.34375 0.0453125 0.05625
0 0.4234375 0.2125 0.046875 0.06875
0 0.24140625 0.20703125 0.0421875 0.0578125
0 0.06875 0.209375 0.040625 0.053125
0 0.0703125 0.34140625 0.046875 0.0640625
0 0.25078125 0.33359375 0.0453125 0.0578125
0 0.715625 0.01953125 0.09375 0.0390625
0 0.771875 0.0453125 0.20625 0.071875
0 0.878125 0.2890625 0.203125 0.071875
0 0.834375 0.715625 0.33125 0.56875