0 0.428125 0.01875 0.021875 0.0375
0 0.26875 0.01875 0.046875 0.0375
0 0.0921875 0.0234375 0.046875 0.046875
0 0.0109375 0.02109375 0.021875 0.0421875
0 0.42734375 0.05625 0.0234375 0.090625
0 0.2671875 0.0453125 0.04375 0.08125
0 0.0921875 0.0578125 0.046875 0.08125
0 0.01171875 0.053125 0.0234375 0.096875
0 0.42734375 0.2265625 0.0234375 0.08125
0 0.26015625 0.21796875 0.0484375 0.0984375
0 0.0828125 0.2328125 0.046875 0.096875
0 0.01171875 0.25 0.0234375 0.096875
0 0.42734375 0.4125 0.0234375 0.109375
0 0.2671875 0.403125 0.046875 0.090625
0 0.08359375 0.4109375 0.0515625 0.0875
0 0.01171875 0.43515625 0.0234375 0.0984375
0 0.42890625 0.584375 0.0203125 0.1
0 0.25859375 0.58046875 0.0515625 0.0984375
0 0.08046875 0.58671875 0.0453125 0.0953125
0 0.01171875 0.6109375 0.0234375 0.078125
0 0.690625 0.07421875 0.075 0.1296875
0 0.7859375 0.34921875 0.075 0.1296875
0 0.403125 0.9671875 0.0625 0.065625
0 0.7140625 0.9421875 0.309375 0.115625
0 0.584375 0.75390625 0.290625 0.2078125
0 0.95546875 0.88046875 0.0890625 0.2390625
0 0.87734375 0.715625 0.2453125 0.13125