0 0.22890625 0.8234375 0.0578125 0.046875
0 0.22890625 0.65390625 0.0578125 0.0453125
0 0.23125 0.47734375 0.0625 0.0453125
0 0.23125 0.28359375 0.0625 0.0484375
0 0.3578125 0.28359375 0.0625 0.0421875
0 0.36015625 0.4734375 0.0578125 0.046875
0 0.35546875 0.65 0.0578125 0.04375
0 0.36328125 0.825 0.0515625 0.040625
0 0.48671875 0.825 0.0578125 0.040625
0 0.48125 0.646875 0.06875 0.04375
0 0.48984375 0.46640625 0.0640625 0.0515625
0 0.50234375 0.2875 0.0578125 0.040625
0 0.63671875 0.2859375 0.0640625 0.046875
0 0.77109375 0.28359375 0.0578125 0.0421875
0 0.75 0.46640625 0.05625 0.0453125
0 0.61875 0.4703125 0.06875 0.046875
0 0.61328125 0.65234375 0.0578125 0.0421875
0 0.615625 0.825 0.053125 0.040625
0 0.74765625 0.8234375 0.0640625 0.046875
0 0.73984375 0.64296875 0.0578125 0.0453125