0 0.17421875 0.15625 0.3484375 0.3125
0 0.3015625 0.71328125 0.2 0.1171875
0 0.36484375 0.415625 0.1921875 0.053125
0 0.0875 0.41640625 0.175 0.0546875
0 0.05703125 0.7203125 0.1140625 0.115625
0 0.4859375 0.86640625 0.034375 0.0546875
0 0.4859375 0.5765625 0.034375 0.05625
0 0.4859375 0.40234375 0.034375 0.0265625
0 0.684375 0.403125 0.071875 0.028125
0 0.69296875 0.5875 0.0703125 0.05625
0 0.70703125 0.871875 0.0703125 0.05625
0 0.98984375 0.86796875 0.0203125 0.0546875
0 0.990625 0.58203125 0.01875 0.0546875